loss: 0.018242257714271546
accuracy: 0.1720000058412552
