loss: 0.018192494797706606
accuracy: 0.10279999673366547
