loss: 0.0023364285923540592
accuracy: 0.9204999804496765
