loss: 0.0034301041290163994
accuracy: 0.8560000061988831
