loss: 0.04063300552368164
accuracy: 0.19740000367164612
