loss: 0.0036594753935933113
accuracy: 0.845300018787384
