loss: 0.0033156804874539376
accuracy: 0.8607000112533569
