loss: 0.0023851050801575184
accuracy: 0.9192000031471252
