loss: 0.00384280546605587
accuracy: 0.839900016784668
