loss: 0.003372845569998026
accuracy: 0.8616999983787537
