loss: 0.003481891708076
accuracy: 0.857200026512146
