loss: 0.0032492825865745546
accuracy: 0.8618000149726868
