loss: 0.0026052194364368916
accuracy: 0.9172000288963318
