loss: 0.033540447044372555
accuracy: 0.18209999799728394
