loss: 0.00356375033557415
accuracy: 0.8521999716758728
