loss: 0.0024649239763617514
accuracy: 0.9176999926567078
