loss: 0.0025006666623055935
accuracy: 0.916100025177002
