loss: 0.003294536393880844
accuracy: 0.8611000180244446
