loss: 0.0032931457728147505
accuracy: 0.8593000173568726
