loss: 0.003968139787018299
accuracy: 0.8331999778747559
