loss: 0.0033664896309375763
accuracy: 0.8611000180244446
