loss: 0.003757695709168911
accuracy: 0.8432999849319458
