loss: 0.0037815811559557917
accuracy: 0.8450000286102295
