loss: 0.003577959568798542
accuracy: 0.857699990272522
