loss: 0.0037100950717926027
accuracy: 0.8474000096321106
