loss: 0.04081754403114319
accuracy: 0.1673000007867813
