loss: 0.003511280517280102
accuracy: 0.8567000031471252
