loss: 0.04565019326210022
accuracy: 0.21549999713897705
