loss: 0.002513233967870474
accuracy: 0.9186999797821045
