loss: 0.003979557861387729
accuracy: 0.8334000110626221
