loss: 0.003544858931005001
accuracy: 0.86080002784729
