loss: 0.04081879711151123
accuracy: 0.2069000005722046
