loss: 0.0033843970507383345
accuracy: 0.8636000156402588
