loss: 0.0037182858392596245
accuracy: 0.8435999751091003
