loss: 0.0037321021020412445
accuracy: 0.8449000120162964
