loss: 0.003896477189660072
accuracy: 0.8417999744415283
