loss: 0.003286426819860935
accuracy: 0.8598999977111816
