loss: 0.0033798887059092522
accuracy: 0.8691999912261963
