loss: 0.003415240043401718
accuracy: 0.8562999963760376
