loss: 0.003606305266916752
accuracy: 0.8597999811172485
