loss: 0.0037166782513260842
accuracy: 0.8518999814987183
