loss: 0.003150562773644924
accuracy: 0.8671000003814697
