loss: 0.008674168461561204
accuracy: 0.6327000260353088
