loss: 0.003755187638103962
accuracy: 0.8417999744415283
