loss: 0.0036810865826904775
accuracy: 0.8567000031471252
