loss: 0.040845203590393064
accuracy: 0.1949000060558319
