loss: 0.0038269968092441557
accuracy: 0.838699996471405
