loss: 0.0039899664163589475
accuracy: 0.8341000080108643
