loss: 0.0036102897047996523
accuracy: 0.8496999740600586
