loss: 0.0036856183901429174
accuracy: 0.8490999937057495
