loss: 0.003934332899749279
accuracy: 0.8396000266075134
