loss: 0.003270366294682026
accuracy: 0.8641999959945679
