loss: 0.040241951084136966
accuracy: 0.21879999339580536
