loss: 0.0034885343328118325
accuracy: 0.8525000214576721
