loss: 0.0037074547290802
accuracy: 0.8453999757766724
