loss: 0.036316688799858096
accuracy: 0.18199999630451202
