loss: 0.0034497560158371927
accuracy: 0.8646000027656555
