loss: 0.0036410809770226478
accuracy: 0.8465999960899353
