loss: 0.003920758390426635
accuracy: 0.838699996471405
