loss: 0.003239839544892311
accuracy: 0.8629999756813049
