loss: 0.003990710879862309
accuracy: 0.8341000080108643
