loss: 0.05392391223907471
accuracy: 0.15219999849796295
