loss: 0.002786425983160734
accuracy: 0.9117000102996826
