loss: 0.03902785873413086
accuracy: 0.21150000393390656
