loss: 0.002646636743098497
accuracy: 0.9132000207901001
