loss: 0.030409238290786744
accuracy: 0.18330000340938568
