loss: 0.00391981081366539
accuracy: 0.8356000185012817
