loss: 0.0032970326080918313
accuracy: 0.8615999817848206
