loss: 0.0024380586929619312
accuracy: 0.9203000068664551
