loss: 0.003458106721937656
accuracy: 0.8574000000953674
