loss: 0.002455911246687174
accuracy: 0.9190999865531921
