loss: 0.003520888218283653
accuracy: 0.859499990940094
