loss: 0.003320855052769184
accuracy: 0.8597000241279602
