loss: 0.003941515730321407
accuracy: 0.8385999798774719
