LSTM:1.412974e-15
RGLIF: 1.761994e-01
RGLIF_NoASC: 1.761994e-01
RGLIF_WtOnly: 1.761994e-01

