LSTM:1.412974e-15
RGLIF: 1.761994e-01
RGLIF_NoASC: 8.999792e-06
RGLIF_WtOnly: 2.493747e-08

