LSTM:5.487182e-09
RGLIF: 1.539456e-06
RGLIF_NoASC: 8.966089e-07
RGLIF_WtOnly: 3.146886e-06

