2.755855798721313477e+00,-1.624567508697509766e-01,1.311397086828947067e-02
1.945644497871398926e+00,3.790503740310668945e-02,-4.215019941329956055e-02
5.491597056388854980e-01,7.320251464843750000e-01,1.261698484420776367e+00
1.383246302604675293e+00,4.353982210159301758e-01,7.072532773017883301e-01
1.117704153060913086e+00,2.650837302207946777e-01,-9.801345467567443848e-01
5.761973261833190918e-01,6.625249385833740234e-01,-1.192257881164550781e+00
7.571542859077453613e-01,5.900536179542541504e-01,-9.971787929534912109e-01
1.165274262428283691e+00,4.727336764335632324e-01,-6.210361719131469727e-01
1.346556067466735840e+00,4.332478046417236328e-01,-8.664312958717346191e-01
7.047665715217590332e-01,6.020439863204956055e-01,-1.231804490089416504e+00
2.522085905075073242e+00,-1.221750974655151367e-01,-1.885514259338378906e-01
1.707216143608093262e+00,3.593259453773498535e-01,-1.562752872705459595e-01
2.764049530029296875e+00,-2.186695337295532227e-01,-5.147466063499450684e-02
1.165960431098937988e+00,5.170757174491882324e-01,-7.160723209381103516e-01
1.271035313606262207e+00,3.039754033088684082e-01,3.610791563987731934e-01
2.068933010101318359e+00,-2.156933546066284180e-01,1.975421607494354248e-01
3.797689676284790039e-01,7.799401283264160156e-01,-1.236237764358520508e+00
2.014491081237792969e+00,1.702296733856201172e-02,2.809091806411743164e-01
1.333767652511596680e+00,1.401458382606506348e-01,-1.355212479829788208e-01
1.380907177925109863e+00,4.017897248268127441e-01,-5.877445936203002930e-01
1.581991195678710938e+00,5.752152204513549805e-02,-1.338974684476852417e-01
5.163083672523498535e-01,6.876896619796752930e-01,1.095259547233581543e+00
8.685607314109802246e-01,5.243185758590698242e-01,-8.279223442077636719e-01
1.846960902214050293e+00,1.471396684646606445e-01,-2.296058088541030884e-01
9.509723782539367676e-01,9.980785846710205078e-02,9.994409680366516113e-01
8.521706461906433105e-01,5.960490107536315918e-01,-8.608843684196472168e-01
7.129471898078918457e-01,5.910452604293823242e-01,1.212918639183044434e+00
1.542155742645263672e+00,1.523441076278686523e-01,-4.557325541973114014e-01
1.200909972190856934e+00,2.180867195129394531e-01,-9.271050095558166504e-01
1.420987963676452637e+00,5.221827030181884766e-01,5.722744464874267578e-01
1.339002132415771484e+00,2.377265691757202148e-01,-8.531277775764465332e-01
1.718878984451293945e+00,2.372706532478332520e-01,-3.902323544025421143e-01
1.541001677513122559e+00,2.734771966934204102e-01,-2.726475000381469727e-01
2.098920822143554688e+00,-1.483595371246337891e-01,-2.833942323923110962e-02
1.875789165496826172e+00,-4.204034805297851562e-03,-1.533083021640777588e-01
2.067492008209228516e+00,-2.203601598739624023e-01,3.252380788326263428e-01
9.924861788749694824e-01,3.046936988830566406e-01,-6.636579632759094238e-01
2.250165939331054688e+00,-1.833339929580688477e-01,1.018835455179214478e-01
2.561765670776367188e+00,-4.666638374328613281e-02,-2.466239035129547119e-02
9.016162753105163574e-01,4.182917475700378418e-01,-7.769823074340820312e-01
3.812789022922515869e-01,7.442516088485717773e-01,-1.646443486213684082e+00
1.410125970840454102e+00,1.902506351470947266e-01,3.331657350063323975e-01
2.309881448745727539e+00,-2.308373451232910156e-01,7.280237972736358643e-02
1.083981275558471680e+00,4.852601885795593262e-01,-8.640182018280029297e-01
6.622806787490844727e-01,6.945122480392456055e-01,-1.308872818946838379e+00
1.744409680366516113e+00,-1.692295074462890625e-02,-1.642126291990280151e-01
1.556010484695434570e+00,8.553946018218994141e-02,-2.144878357648849487e-01
1.396784782409667969e+00,3.924030065536499023e-02,5.828580856323242188e-01
1.290537714958190918e+00,4.444726705551147461e-01,-8.062965869903564453e-01
2.280990839004516602e+00,-1.688525676727294922e-01,-7.780338078737258911e-02
9.865964055061340332e-01,4.214203357696533203e-01,-7.063210010528564453e-01
1.014052629470825195e+00,2.945896983146667480e-01,-9.591375589370727539e-01
1.944394826889038086e+00,-1.955425739288330078e-02,1.675714552402496338e-01
7.428086400032043457e-01,6.115477681159973145e-01,-1.066151857376098633e+00
1.446014761924743652e+00,3.966552019119262695e-02,-2.687418162822723389e-01
7.422646880149841309e-01,6.542859077453613281e-01,1.454953670501708984e+00
1.720438152551651001e-01,9.163001179695129395e-01,-2.227127313613891602e+00
1.148838639259338379e+00,4.194417595863342285e-01,3.815059661865234375e-01
2.171623229980468750e+00,-1.037389039993286133e-01,2.161361128091812134e-01
1.885121464729309082e+00,8.407640457153320312e-02,2.722934782505035400e-01
1.329002380371093750e+00,3.734858632087707520e-01,-5.769142508506774902e-01
2.205096244812011719e+00,-9.918928146362304688e-03,-2.499630302190780640e-02
2.580079078674316406e+00,1.837871670722961426e-01,-4.301815032958984375e-01
2.577523946762084961e+00,-1.565593481063842773e-01,2.320876866579055786e-01
2.704815626144409180e+00,8.123081922531127930e-02,-5.307985097169876099e-02
2.808618247509002686e-01,7.029240131378173828e-01,-2.191414356231689453e+00
2.052299976348876953e+00,1.061303019523620605e-01,-3.515084981918334961e-01
2.227392911911010742e+00,-7.607007026672363281e-02,-1.090948656201362610e-01
1.633631229400634766e+00,1.357091069221496582e-01,3.053692281246185303e-01
1.055639147758483887e+00,3.154034018516540527e-01,-5.031046867370605469e-01
1.318094968795776367e+00,4.167218208312988281e-01,3.780281543731689453e-01
2.842481434345245361e-01,8.599335551261901855e-01,-1.692662239074707031e+00
6.553874611854553223e-01,6.201317310333251953e-01,-1.127815485000610352e+00
1.785188913345336914e+00,2.162842750549316406e-01,-3.562617003917694092e-01
1.361375093460083008e+00,2.554001808166503906e-01,7.126362323760986328e-01
1.016386270523071289e+00,5.964671373367309570e-01,-9.958931207656860352e-01
1.545311808586120605e+00,1.120481491088867188e-01,-3.098443746566772461e-01
1.265111207962036133e+00,4.595764875411987305e-01,-7.991610765457153320e-01
4.255834519863128662e-01,8.046319484710693359e-01,1.292551755905151367e+00
9.570802450180053711e-01,6.459984779357910156e-01,1.182058155536651611e-01
1.772963523864746094e+00,2.067131996154785156e-01,-2.860983312129974365e-01
3.435758113861083984e+00,-1.879251003265380859e-01,-3.727334365248680115e-02
1.488965988159179688e+00,3.044814467430114746e-01,-5.025622248649597168e-01
2.603305339813232422e+00,-1.008677482604980469e-02,-7.776723802089691162e-02
1.062719464302062988e+00,6.796973943710327148e-02,-6.691837906837463379e-01
1.961736202239990234e+00,-1.272606849670410156e-02,-2.798801362514495850e-01
2.268940210342407227e+00,1.245921850204467773e-02,-1.221065744757652283e-01
4.227691888809204102e-01,7.326587438583374023e-01,-1.581799030303955078e+00
1.977157115936279297e+00,9.437549114227294922e-02,-1.512502133846282959e-01
7.168821692466735840e-01,7.099821567535400391e-01,-1.188853502273559570e+00
1.850755095481872559e+00,-3.928288221359252930e-01,1.518270671367645264e-01
2.568611860275268555e+00,-1.896402835845947266e-01,-5.511907115578651428e-02
6.295320987701416016e-01,6.209688186645507812e-01,1.018141627311706543e+00
7.045290470123291016e-01,4.610686302185058594e-01,-1.047034978866577148e+00
1.172812223434448242e+00,5.401407480239868164e-01,-7.062212228775024414e-01
1.854171037673950195e+00,-1.272996664047241211e-01,1.195201873779296875e-01
9.432870745658874512e-01,4.940245747566223145e-01,7.458308935165405273e-01
1.882431983947753906e+00,5.330604314804077148e-02,-2.446329295635223389e-01
1.831073760986328125e+00,6.101131439208984375e-03,8.378805592656135559e-03
1.716523289680480957e+00,1.041982769966125488e-01,-4.456095695495605469e-01
6.139352917671203613e-01,5.825430750846862793e-01,-1.001845359802246094e+00
1.330722808837890625e+00,4.252452254295349121e-01,-6.734152436256408691e-01
1.931789040565490723e+00,-6.224894523620605469e-02,4.513628780841827393e-02
1.501162052154541016e+00,1.424603462219238281e-01,5.107783675193786621e-01
1.661537170410156250e+00,1.074097156524658203e-01,-4.962732195854187012e-01
2.306426048278808594e+00,-5.272150039672851562e-03,-1.800979077816009521e-01
5.533609986305236816e-01,6.460061073303222656e-01,-1.338685870170593262e+00
2.629567146301269531e+00,-1.264783143997192383e-01,6.705445051193237305e-02
2.619915962219238281e+00,-1.641972064971923828e-01,9.658145159482955933e-02
8.292171955108642578e-01,3.994588255882263184e-01,-1.102245092391967773e+00
7.201424837112426758e-01,6.870784759521484375e-01,-1.137651205062866211e+00
1.528813362121582031e+00,1.837534904479980469e-01,-4.895615875720977783e-01
1.609817147254943848e+00,2.429485321044921875e-01,-3.752936720848083496e-01
2.255968093872070312e+00,-1.120725870132446289e-01,3.241579979658126831e-02
2.538664579391479492e+00,-1.356108188629150391e-01,-2.159222401678562164e-02
1.959228992462158203e+00,6.859344244003295898e-02,2.583469152450561523e-01
1.772158861160278320e+00,-2.493619918823242188e-03,-2.372843921184539795e-01
1.311268925666809082e+00,2.954990863800048828e-01,5.434256792068481445e-01
6.473694443702697754e-01,6.713618040084838867e-01,-1.354984641075134277e+00
1.986413478851318359e+00,-9.596347808837890625e-05,8.077938854694366455e-02
1.854285001754760742e+00,3.260713815689086914e-02,4.244097694754600525e-02
1.529511094093322754e+00,1.052767038345336914e-01,5.398839116096496582e-01
1.132387399673461914e+00,2.455830574035644531e-01,-4.345031976699829102e-01
1.968653798103332520e+00,2.452284097671508789e-02,-2.555538117885589600e-01
2.224185943603515625e+00,4.764139652252197266e-02,-2.744226530194282532e-02
2.455463409423828125e+00,-6.222736835479736328e-02,-2.448607422411441803e-02
1.235863208770751953e+00,3.141635656356811523e-01,-7.675037384033203125e-01
1.477883577346801758e+00,-2.262043952941894531e-02,-3.027537465095520020e-01
6.871262788772583008e-01,6.226860880851745605e-01,1.078000426292419434e+00
2.323323488235473633e+00,-1.911221742630004883e-01,2.796082384884357452e-02
8.620635271072387695e-01,1.272525191307067871e-01,1.129463434219360352e+00
2.285474061965942383e+00,-7.684314250946044922e-02,2.681525349617004395e-01
7.615652084350585938e-01,6.384873390197753906e-01,1.112376809120178223e+00
1.482456564903259277e+00,2.583618164062500000e-01,-7.021576166152954102e-01
2.628599882125854492e+00,-9.159207344055175781e-03,-4.010410234332084656e-02
4.578963220119476318e-01,6.197268962860107422e-01,-1.689328789710998535e+00
8.446502685546875000e-01,5.050710439682006836e-01,-9.413749575614929199e-01
1.623517751693725586e+00,3.527927994728088379e-01,-2.482221871614456177e-01
7.192036509513854980e-01,6.197525858879089355e-01,-1.299640059471130371e+00
1.559547305107116699e+00,1.569992303848266602e-01,-5.106820464134216309e-01
3.872488737106323242e-01,7.240732908248901367e-01,-1.291199445724487305e+00
1.888814091682434082e+00,2.780455350875854492e-02,2.966326475143432617e-01
2.635485887527465820e+00,1.846274733543395996e-01,6.749667227268218994e-02
8.457198143005371094e-01,5.755853056907653809e-01,-1.422821044921875000e+00
7.547274827957153320e-01,5.098664760589599609e-01,9.686914086341857910e-01
1.332810163497924805e+00,3.303628563880920410e-01,-5.972304940223693848e-01
8.661326169967651367e-01,5.980561375617980957e-01,-7.991969585418701172e-01
2.558699846267700195e+00,-3.678131103515625000e-02,-2.498139627277851105e-02
1.591084003448486328e+00,2.874132990837097168e-01,-4.310829937458038330e-01
4.095225632190704346e-01,7.866731882095336914e-01,-1.386932015419006348e+00
7.063623666763305664e-01,6.334706544876098633e-01,-8.718814849853515625e-01
2.829542398452758789e+00,-1.483721733093261719e-01,-1.453602761030197144e-01
1.285428285598754883e+00,1.060266494750976562e-01,-3.777277171611785889e-01
2.534482955932617188e+00,-3.699164390563964844e-01,1.090640276670455933e-01
1.985939025878906250e+00,-2.105545997619628906e-02,-3.683388531208038330e-01
1.241397380828857422e+00,-1.560413837432861328e-02,-4.307191073894500732e-01
2.399083614349365234e+00,-1.361558437347412109e-01,-6.399066001176834106e-02
1.610064148902893066e+00,1.973840594291687012e-01,-3.017708063125610352e-01
1.790701866149902344e+00,7.246458530426025391e-02,-3.904167711734771729e-01
1.361267447471618652e+00,2.781442999839782715e-01,-2.930787801742553711e-01
8.896412849426269531e-01,6.360918879508972168e-01,-8.115313053131103516e-01
1.319870352745056152e+00,5.006843805313110352e-01,-1.162467360496520996e+00
1.122728466987609863e+00,3.193172216415405273e-01,-7.070175409317016602e-01
7.811861634254455566e-01,3.871881365776062012e-01,-9.886285662651062012e-01
1.600492119789123535e+00,1.933006644248962402e-01,4.167797267436981201e-01
2.223258495330810547e+00,1.087248921394348145e-01,-1.718232035636901855e-02
1.733235955238342285e+00,8.824604749679565430e-02,-3.206133842468261719e-01
2.372055530548095703e+00,-3.525573015213012695e-01,2.638916969299316406e-01
7.659870982170104980e-01,4.862945675849914551e-01,-1.371755957603454590e+00
1.742638826370239258e+00,2.875207662582397461e-01,-3.983620703220367432e-01
1.784765839576721191e+00,-5.455374717712402344e-02,-2.233031690120697021e-01
2.064152002334594727e+00,-3.789787292480468750e-01,-2.658966369926929474e-02
1.720751762390136719e+00,7.556456327438354492e-02,-4.672306180000305176e-01
2.292150259017944336e+00,-2.498710155487060547e-01,3.032213449478149414e-01
1.747853755950927734e+00,2.417605519294738770e-01,-4.538797438144683838e-01
1.949567317962646484e+00,1.375931501388549805e-02,-2.004301548004150391e-01
8.946765661239624023e-01,5.450277328491210938e-01,-1.093624472618103027e+00
1.204657673835754395e+00,3.156447410583496094e-01,-6.068649291992187500e-01
1.057067871093750000e+00,4.385766386985778809e-01,-6.994857192039489746e-01
1.844338178634643555e+00,5.452859401702880859e-02,7.698259949684143066e-01
6.893340349197387695e-01,5.558941960334777832e-01,-9.461490511894226074e-01
1.476139068603515625e+00,7.230895757675170898e-02,-3.775441944599151611e-01
2.553530931472778320e+00,-2.484447956085205078e-01,2.360350191593170166e-01
1.258570671081542969e+00,1.739524602890014648e-01,5.232077836990356445e-01
8.817876577377319336e-01,5.900689363479614258e-01,-8.807380795478820801e-01
1.652315139770507812e+00,1.199806332588195801e-01,-3.808551728725433350e-01
1.423636317253112793e+00,3.982117772102355957e-01,4.407565668225288391e-02
1.131799697875976562e+00,4.553073048591613770e-01,-7.933819293975830078e-01
1.385148406028747559e+00,3.678699135780334473e-01,-4.194879531860351562e-01
7.625485062599182129e-01,5.579540729522705078e-01,-1.052276015281677246e+00
9.005703926086425781e-01,6.246042251586914062e-01,1.071488022804260254e+00
6.637286543846130371e-01,7.019363641738891602e-01,-1.087607979774475098e+00
5.192344784736633301e-01,7.119907140731811523e-01,-1.211901545524597168e+00
5.486103296279907227e-01,6.312218904495239258e-01,1.168369054794311523e+00
1.157669305801391602e+00,3.540276885032653809e-01,-5.242872238159179688e-01
1.428825378417968750e+00,5.156831741333007812e-01,6.254594326019287109e-01
8.783884048461914062e-01,5.724091529846191406e-01,-6.177904605865478516e-01
1.903417944908142090e+00,1.180030107498168945e-01,-1.735320091247558594e-01
6.245235204696655273e-01,7.075417637825012207e-01,-1.398864388465881348e+00
1.883348226547241211e+00,1.837874054908752441e-01,-3.456121543422341347e-03
4.173012375831604004e-01,7.138206362724304199e-01,-1.952482700347900391e+00
9.372792243957519531e-01,4.511390328407287598e-01,6.789257526397705078e-01
1.326424121856689453e+00,3.061606287956237793e-01,5.863772630691528320e-01
1.088845849037170410e+00,4.463261961936950684e-01,-4.584797024726867676e-01
1.867467403411865234e+00,3.226137161254882812e-02,1.080045849084854126e-01
2.047889709472656250e+00,9.386718273162841797e-02,-2.110927551984786987e-01
2.913936078548431396e-01,8.491994142532348633e-01,-2.079400300979614258e+00
2.265094518661499023e+00,-4.930174350738525391e-02,2.871580123901367188e-01
2.320594549179077148e+00,-1.104791164398193359e-01,3.660060837864875793e-02
1.606736421585083008e+00,3.331052064895629883e-01,-5.332013368606567383e-01
1.678441882133483887e+00,1.528229713439941406e-01,3.172788918018341064e-01
1.150557041168212891e+00,3.934135437011718750e-01,-4.936338067054748535e-01
1.011302947998046875e+00,4.192917943000793457e-01,7.019489407539367676e-01
1.026381611824035645e+00,2.765858173370361328e-01,-6.248115897178649902e-01
1.960334897041320801e+00,1.214742660522460938e-01,-2.800123095512390137e-01
1.257279157638549805e+00,2.990189194679260254e-01,-5.276951789855957031e-01
9.953108429908752441e-01,4.676936268806457520e-01,-9.219942688941955566e-01
4.573999941349029541e-01,6.821900606155395508e-01,-1.560443520545959473e+00
2.339607238769531250e+00,-2.879273891448974609e-02,1.027211472392082214e-01
1.711657881736755371e+00,2.068394422531127930e-01,-3.580813109874725342e-01
1.863604784011840820e+00,1.333934068679809570e-01,1.145449355244636536e-01
7.702910900115966797e-01,5.121484994888305664e-01,-9.089900255203247070e-01
1.842732548713684082e+00,-7.466459274291992188e-02,-1.975691020488739014e-01
2.317538261413574219e+00,7.412385940551757812e-02,2.088747322559356689e-01
8.365771174430847168e-01,5.576652288436889648e-01,5.943714380264282227e-01
1.119368433952331543e+00,2.479898333549499512e-01,-7.098746299743652344e-01
5.524880886077880859e-01,6.389170885086059570e-01,-1.072803378105163574e+00
8.304927349090576172e-01,5.580883026123046875e-01,1.011634111404418945e+00
2.198089361190795898e+00,1.728921532630920410e-01,-2.300976961851119995e-01
2.230827569961547852e+00,3.079319000244140625e-02,-2.091883718967437744e-01
2.448450326919555664e+00,-1.965247392654418945e-01,1.513437251560389996e-03
2.676949799060821533e-01,7.923200130462646484e-01,-2.499207019805908203e+00
1.633903861045837402e+00,-7.483899593353271484e-02,-3.315200507640838623e-01
8.713091611862182617e-01,5.960254669189453125e-01,-1.069476366043090820e+00
2.694568634033203125e+00,-2.165009975433349609e-01,4.330349341034889221e-02
6.708607673645019531e-01,5.945597887039184570e-01,-1.127653360366821289e+00
2.293026447296142578e+00,-4.845817089080810547e-01,8.354505151510238647e-02
9.892489910125732422e-01,3.769885301589965820e-01,-8.601289391517639160e-01
1.462242245674133301e+00,3.437855839729309082e-01,-6.082332730293273926e-01
1.023507714271545410e+00,4.531446099281311035e-01,-9.227177500724792480e-01
6.943551898002624512e-01,5.144692659378051758e-01,-1.259791254997253418e+00
2.036224842071533203e+00,-1.371001005172729492e-01,3.466864228248596191e-01
1.299364686012268066e+00,3.918360471725463867e-01,-6.598759889602661133e-01
5.283523797988891602e-01,6.574603319168090820e-01,1.149029612541198730e+00
2.037095308303833008e+00,1.617555022239685059e-01,-3.228022158145904541e-01
9.656739234924316406e-01,5.199958682060241699e-01,-8.817992210388183594e-01
1.320640325546264648e+00,1.320936083793640137e-01,-7.070754766464233398e-01
1.470351099967956543e+00,1.305804848670959473e-01,3.650841712951660156e-01
2.349433422088623047e+00,-1.095699071884155273e-01,-1.358159631490707397e-01
1.563451766967773438e+00,2.181499600410461426e-01,-3.773786425590515137e-01
1.143024086952209473e+00,5.399024486541748047e-01,-1.004420995712280273e+00
2.143819332122802734e+00,5.154126882553100586e-02,-7.828877866268157959e-02
2.490898132324218750e+00,-1.292659044265747070e-01,1.516228616237640381e-01
1.042776942253112793e+00,1.681855916976928711e-01,-7.015231251716613770e-01
7.448393702507019043e-01,6.425735950469970703e-01,-1.295971155166625977e+00
2.043202638626098633e+00,-8.585882186889648438e-02,-2.336463779211044312e-01
2.713354110717773438e+00,-1.747614145278930664e-01,8.968328125774860382e-03
1.941785812377929688e+00,4.270744323730468750e-02,-4.453877732157707214e-02
5.959553122520446777e-01,7.209632396697998047e-01,1.197317242622375488e+00
1.403441309928894043e+00,4.271350502967834473e-01,6.999047398567199707e-01
1.123455882072448730e+00,2.675431370735168457e-01,-9.757271409034729004e-01
4.494931399822235107e-01,7.375177145004272461e-01,-1.412577152252197266e+00
7.650746107101440430e-01,5.863217115402221680e-01,-9.843747615814208984e-01
1.177419662475585938e+00,4.705902934074401855e-01,-6.112829446792602539e-01
1.351174950599670410e+00,4.208615422248840332e-01,-8.612801432609558105e-01
7.124328017234802246e-01,5.994377732276916504e-01,-1.225189566612243652e+00
2.523090839385986328e+00,-1.284645795822143555e-01,-1.869904845952987671e-01
1.680377960205078125e+00,3.228521943092346191e-01,-1.946639567613601685e-01
2.789261817932128906e+00,-2.002307176589965820e-01,-5.101009458303451538e-02
1.391836047172546387e+00,4.519495368003845215e-01,-5.783948898315429688e-01
1.266373634338378906e+00,3.150736689567565918e-01,3.722226619720458984e-01
2.026502370834350586e+00,-2.174248695373535156e-01,2.102989107370376587e-01
4.919466078281402588e-01,7.140678763389587402e-01,-9.839536547660827637e-01
1.998281717300415039e+00,2.187627553939819336e-02,2.831942737102508545e-01
1.294499278068542480e+00,1.494409441947937012e-01,-1.533572226762771606e-01
1.403905868530273438e+00,3.957143425941467285e-01,-5.803278684616088867e-01
1.579540967941284180e+00,5.478173494338989258e-02,-1.296406686305999756e-01
5.429732799530029297e-01,6.612009406089782715e-01,1.035021901130676270e+00
8.243508338928222656e-01,5.536768436431884766e-01,-8.683338165283203125e-01
1.860823631286621094e+00,1.457735300064086914e-01,-2.271625250577926636e-01
9.532921910285949707e-01,1.003877520561218262e-01,9.916641116142272949e-01
8.471068739891052246e-01,5.938009619712829590e-01,-8.606028556823730469e-01
7.107347846031188965e-01,5.909996032714843750e-01,1.219727993011474609e+00
1.528512120246887207e+00,1.497686505317687988e-01,-4.647399485111236572e-01
1.208919525146484375e+00,2.110023498535156250e-01,-9.419614672660827637e-01
1.693220615386962891e+00,4.360756278038024902e-01,3.950068354606628418e-01
1.324879527091979980e+00,2.459550499916076660e-01,-8.560088872909545898e-01
1.556148052215576172e+00,3.014571070671081543e-01,-4.603897333145141602e-01
1.517038226127624512e+00,2.814807295799255371e-01,-2.834441363811492920e-01
2.121519565582275391e+00,-1.267490386962890625e-01,-1.904523372650146484e-02
1.897380232810974121e+00,-8.048653602600097656e-03,-1.435285061597824097e-01
2.307798385620117188e+00,-2.114285230636596680e-01,3.139518201351165771e-01
9.873029589653015137e-01,3.102382421493530273e-01,-6.663002371788024902e-01
2.351591110229492188e+00,-2.002035379409790039e-01,8.928586542606353760e-02
2.562346935272216797e+00,-4.737031459808349609e-02,-2.162466570734977722e-02
9.199182391166687012e-01,4.259799122810363770e-01,-7.683084607124328613e-01
3.844127058982849121e-01,7.425934672355651855e-01,-1.640998840332031250e+00
1.433960914611816406e+00,1.734593510627746582e-01,3.383785486221313477e-01
2.367063045501708984e+00,-2.316722869873046875e-01,6.401775777339935303e-02
1.094475030899047852e+00,4.734829068183898926e-01,-8.491384387016296387e-01
6.335372328758239746e-01,7.038698196411132812e-01,-1.344053864479064941e+00
1.668779373168945312e+00,-6.420850753784179688e-03,-1.750760823488235474e-01
1.589958310127258301e+00,9.063524007797241211e-02,-1.993213146924972534e-01
1.389862895011901855e+00,3.755038976669311523e-02,5.901314020156860352e-01
1.298905134201049805e+00,4.350741505622863770e-01,-8.050255179405212402e-01
2.298245906829833984e+00,-1.602993011474609375e-01,-7.685942202806472778e-02
1.021476507186889648e+00,4.163852930068969727e-01,-6.908249855041503906e-01
9.871768355369567871e-01,2.912275791168212891e-01,-9.638957977294921875e-01
2.018185377120971680e+00,5.213141441345214844e-03,1.524454802274703979e-01
7.634385824203491211e-01,6.041557192802429199e-01,-1.057959914207458496e+00
1.473065018653869629e+00,6.560266017913818359e-02,-2.431003153324127197e-01
7.948248982429504395e-01,6.265192031860351562e-01,1.383856296539306641e+00
1.708209365606307983e-01,9.201682209968566895e-01,-2.260092496871948242e+00
1.135573983192443848e+00,4.233536720275878906e-01,3.838323354721069336e-01
2.159287452697753906e+00,-1.083257198333740234e-01,2.213052511215209961e-01
1.861285686492919922e+00,1.743561029434204102e-01,2.691654562950134277e-01
1.311665058135986328e+00,3.798247575759887695e-01,-5.835476517677307129e-01
2.105958938598632812e+00,4.413110017776489258e-02,-7.767561078071594238e-02
2.625884771347045898e+00,1.768906116485595703e-01,-4.192784726619720459e-01
2.783756494522094727e+00,-1.457197666168212891e-01,1.668385416269302368e-01
2.722216129302978516e+00,6.620448827743530273e-02,-6.242377683520317078e-02
2.861467599868774414e-01,7.040836811065673828e-01,-2.183431625366210938e+00
2.057943344116210938e+00,1.066416501998901367e-01,-3.544524908065795898e-01
2.217468261718750000e+00,-8.462333679199218750e-02,-1.064978539943695068e-01
1.583149671554565430e+00,1.636834144592285156e-01,3.179848194122314453e-01
1.100547432899475098e+00,2.966004014015197754e-01,-4.843138158321380615e-01
1.314040660858154297e+00,4.152582287788391113e-01,3.825194239616394043e-01
2.675577402114868164e-01,8.658883571624755859e-01,-1.749276876449584961e+00
7.356014847755432129e-01,5.799038410186767578e-01,-1.016240715980529785e+00
1.658248424530029297e+00,2.558526992797851562e-01,-3.967087268829345703e-01
1.374290466308593750e+00,2.679485678672790527e-01,6.862418651580810547e-01
9.548932313919067383e-01,6.224256157875061035e-01,-1.025268316268920898e+00
1.555495738983154297e+00,1.110333800315856934e-01,-3.080933690071105957e-01
1.354572653770446777e+00,4.409989714622497559e-01,-7.649672627449035645e-01
4.143168032169342041e-01,8.122036457061767578e-01,1.311361312866210938e+00
8.847976326942443848e-01,6.727477312088012695e-01,2.107982635498046875e-01
1.767052412033081055e+00,2.177728414535522461e-01,-2.924702465534210205e-01
2.696697950363159180e+00,-4.166173934936523438e-02,-4.191750660538673401e-02
1.470844984054565430e+00,3.136884570121765137e-01,-5.164428353309631348e-01
2.594478130340576172e+00,-1.356518268585205078e-02,-7.871621102094650269e-02
1.052932977676391602e+00,6.774145364761352539e-02,-6.909204721450805664e-01
1.932156920433044434e+00,1.188530325889587402e-01,-2.455855906009674072e-01
2.151038646697998047e+00,8.205491304397583008e-02,-1.449376493692398071e-01
4.195845127105712891e-01,7.491965889930725098e-01,-1.597405195236206055e+00
1.998910546302795410e+00,8.717459440231323242e-02,-1.340568512678146362e-01
7.290149927139282227e-01,7.037139534950256348e-01,-1.174801468849182129e+00
2.190002202987670898e+00,-4.237593412399291992e-01,1.146849319338798523e-01
2.264216899871826172e+00,-9.716236591339111328e-02,-7.971426099538803101e-02
6.323634982109069824e-01,6.184910535812377930e-01,1.011635422706604004e+00
6.920471787452697754e-01,4.614905118942260742e-01,-1.054316163063049316e+00
1.273095488548278809e+00,5.043416619300842285e-01,-6.660401225090026855e-01
1.826331496238708496e+00,-1.327669620513916016e-01,1.308818310499191284e-01
8.863738179206848145e-01,5.247759819030761719e-01,7.870156168937683105e-01
2.033778429031372070e+00,1.031740307807922363e-01,-1.955251991748809814e-01
1.863347768783569336e+00,-3.002202510833740234e-02,-8.273992687463760376e-03
1.712942361831665039e+00,1.046472787857055664e-01,-4.499081969261169434e-01
6.199021935462951660e-01,5.667434930801391602e-01,-9.887452721595764160e-01
1.264350891113281250e+00,4.391235113143920898e-01,-6.932835578918457031e-01
1.936249613761901855e+00,-6.296074390411376953e-02,4.413697123527526855e-02
1.467301726341247559e+00,1.360695958137512207e-01,5.034502744674682617e-01
1.670641303062438965e+00,1.152046918869018555e-01,-4.947754442691802979e-01
2.280354261398315430e+00,-7.755279541015625000e-03,-1.764106303453445435e-01
5.422148704528808594e-01,6.483426094055175781e-01,-1.353404641151428223e+00
2.627066850662231445e+00,-1.247420310974121094e-01,6.724172085523605347e-02
2.438848972320556641e+00,-1.723128557205200195e-01,1.313387453556060791e-01
8.411365151405334473e-01,4.012294411659240723e-01,-1.096763253211975098e+00
8.715566992759704590e-01,6.261020898818969727e-01,-9.982661008834838867e-01
1.519866704940795898e+00,1.951066851615905762e-01,-4.874682426452636719e-01
1.602806448936462402e+00,2.469840049743652344e-01,-3.791607618331909180e-01
2.237024068832397461e+00,-1.004620790481567383e-01,3.058761917054653168e-02
2.582149982452392578e+00,-1.217050552368164062e-01,-1.061510108411312103e-02
1.946717977523803711e+00,7.257544994354248047e-02,2.621044218540191650e-01
1.724035978317260742e+00,-3.036499023437500000e-03,-2.491438239812850952e-01
1.310266137123107910e+00,2.943079471588134766e-01,5.442616343498229980e-01
6.347702145576477051e-01,6.802498102188110352e-01,-1.366523861885070801e+00
1.965473890304565430e+00,-4.206299781799316406e-03,8.868145197629928589e-02
1.961396336555480957e+00,-2.364039421081542969e-03,4.348207265138626099e-02
1.530445218086242676e+00,1.175521612167358398e-01,5.259140133857727051e-01
1.103968620300292969e+00,2.667731642723083496e-01,-4.622506797313690186e-01
1.978420257568359375e+00,2.283906936645507812e-02,-2.607639133930206299e-01
2.185907125473022461e+00,3.577798604965209961e-02,-1.485514454543590546e-02
2.004911422729492188e+00,1.317843198776245117e-01,4.354691505432128906e-02
1.260126471519470215e+00,3.107935190200805664e-01,-7.629331350326538086e-01
1.435151576995849609e+00,-1.412880420684814453e-02,-2.826687693595886230e-01
7.245873808860778809e-01,5.982909202575683594e-01,1.023004174232482910e+00
2.300068616867065430e+00,-1.982588768005371094e-01,2.768385410308837891e-02
8.567605614662170410e-01,1.264657378196716309e-01,1.120828628540039062e+00
2.249926090240478516e+00,-6.895470619201660156e-02,2.651408314704895020e-01
7.887458205223083496e-01,6.230026483535766602e-01,1.076750874519348145e+00
1.489354610443115234e+00,2.671762704849243164e-01,-7.038168311119079590e-01
2.576797485351562500e+00,1.021385192871093750e-02,-3.614028543233871460e-02
4.534479975700378418e-01,6.210881471633911133e-01,-1.695854783058166504e+00
8.461529016494750977e-01,5.026682019233703613e-01,-9.379887580871582031e-01
1.644355177879333496e+00,3.391896486282348633e-01,-2.702241539955139160e-01
7.155967950820922852e-01,6.236489415168762207e-01,-1.309074759483337402e+00
1.627235651016235352e+00,1.601498723030090332e-01,-5.045841336250305176e-01
3.949334025382995605e-01,7.146372199058532715e-01,-1.264331936836242676e+00
1.894637465476989746e+00,5.047488212585449219e-02,2.694149613380432129e-01
2.666025638580322266e+00,1.708393692970275879e-01,6.352324783802032471e-02
8.479723930358886719e-01,5.738227367401123047e-01,-1.425744414329528809e+00
7.551376223564147949e-01,5.098016262054443359e-01,9.650683999061584473e-01
1.272745132446289062e+00,3.618025779724121094e-01,-6.271153092384338379e-01
8.013756275177001953e-01,6.199860572814941406e-01,-8.563774824142456055e-01
2.584460258483886719e+00,-3.903675079345703125e-02,-2.184459567070007324e-02
1.582266688346862793e+00,2.861507534980773926e-01,-4.327220022678375244e-01
8.193191885948181152e-01,5.966806411743164062e-01,-6.359221339225769043e-01
7.190981507301330566e-01,6.232201457023620605e-01,-8.537523150444030762e-01
2.848084926605224609e+00,-1.512106657028198242e-01,-1.480952948331832886e-01
1.308320999145507812e+00,9.149897098541259766e-02,-3.651815652847290039e-01
1.162207007408142090e+00,4.742454886436462402e-01,-7.484703063964843750e-01
1.980833649635314941e+00,-2.770698070526123047e-02,-3.758686482906341553e-01
1.230703949928283691e+00,-1.327204704284667969e-02,-4.406558871269226074e-01
2.396037578582763672e+00,-1.269046068191528320e-01,-6.909654289484024048e-02
1.565062046051025391e+00,2.080922126770019531e-01,-3.097735047340393066e-01
1.786203622817993164e+00,6.585431098937988281e-02,-3.918138742446899414e-01
1.343670129776000977e+00,2.795010805130004883e-01,-2.987023591995239258e-01
1.062607526779174805e+00,5.747313499450683594e-01,-6.257632374763488770e-01
1.320080995559692383e+00,5.007305741310119629e-01,-1.164996027946472168e+00
1.128005385398864746e+00,3.168727159500122070e-01,-6.958678364753723145e-01
7.785150408744812012e-01,3.886203765869140625e-01,-9.923722743988037109e-01
1.622279882431030273e+00,1.913354396820068359e-01,4.060043394565582275e-01
2.458715438842773438e+00,5.086421966552734375e-02,7.757732179015874863e-03
1.696567654609680176e+00,9.110325574874877930e-02,-3.067362606525421143e-01
2.363715648651123047e+00,-3.499230146408081055e-01,2.632505297660827637e-01
7.708994150161743164e-01,4.856558442115783691e-01,-1.374708890914916992e+00
1.738142848014831543e+00,2.998291254043579102e-01,-4.058629274368286133e-01
1.775005578994750977e+00,-5.113029479980468750e-02,-2.277771532535552979e-01
2.014933109283447266e+00,-3.834816217422485352e-01,-1.421767100691795349e-02
1.742272973060607910e+00,8.213609457015991211e-02,-4.485740959644317627e-01
2.300704956054687500e+00,-2.510448694229125977e-01,2.909734547138214111e-01
1.630783677101135254e+00,2.811043262481689453e-01,-5.109083652496337891e-01
1.907843828201293945e+00,1.559674739837646484e-03,-2.087827771902084351e-01
9.062084555625915527e-01,5.350893735885620117e-01,-1.072285175323486328e+00
1.209399580955505371e+00,3.222624659538269043e-01,-5.931348800659179688e-01
1.061841607093811035e+00,4.333670735359191895e-01,-7.024654746055603027e-01
1.838573455810546875e+00,5.058217048645019531e-02,7.604318261146545410e-01
6.607456207275390625e-01,5.586020946502685547e-01,-9.708259701728820801e-01
1.468297362327575684e+00,7.072973251342773438e-02,-3.786349296569824219e-01
2.254581689834594727e+00,5.856072902679443359e-02,-7.989011704921722412e-02
1.247929453849792480e+00,1.680958271026611328e-01,5.287725925445556641e-01
9.199012517929077148e-01,5.703220963478088379e-01,-8.382787108421325684e-01
1.619664549827575684e+00,1.115688085556030273e-01,-3.900689780712127686e-01
1.649065017700195312e+00,3.079664111137390137e-01,-6.200738623738288879e-02
1.158640265464782715e+00,4.432858824729919434e-01,-7.887052893638610840e-01
5.726966261863708496e-01,7.392262220382690430e-01,-1.221955657005310059e+00
8.061977624893188477e-01,5.470486879348754883e-01,-1.035230517387390137e+00
8.805221319198608398e-01,6.482519507408142090e-01,1.106606364250183105e+00
6.837443709373474121e-01,6.819018721580505371e-01,-1.048535466194152832e+00
5.201892256736755371e-01,7.157409191131591797e-01,-1.209733605384826660e+00
5.313831567764282227e-01,6.457096338272094727e-01,1.215357542037963867e+00
1.173926949501037598e+00,3.401563167572021484e-01,-5.176183581352233887e-01
1.424615621566772461e+00,4.915909767150878906e-01,6.187093853950500488e-01
8.592942953109741211e-01,5.854563713073730469e-01,-6.432016491889953613e-01
1.900011420249938965e+00,1.356950998306274414e-01,-1.683697700500488281e-01
6.066110730171203613e-01,7.204628586769104004e-01,-1.429839253425598145e+00
1.839762926101684570e+00,1.805785894393920898e-01,-2.537261880934238434e-02
4.167943298816680908e-01,7.169666290283203125e-01,-1.941745281219482422e+00
9.054748415946960449e-01,4.612392783164978027e-01,6.984639167785644531e-01
1.330102205276489258e+00,3.045457005500793457e-01,5.838626027107238770e-01
1.079312443733215332e+00,4.383447170257568359e-01,-4.575631022453308105e-01
1.866513490676879883e+00,2.924221754074096680e-02,1.076144501566886902e-01
2.025594711303710938e+00,1.004010438919067383e-01,-2.251157611608505249e-01
2.158080637454986572e-01,8.799321651458740234e-01,-2.289716005325317383e+00
2.193186998367309570e+00,-3.584611415863037109e-02,2.884857952594757080e-01
2.327541828155517578e+00,-9.951674938201904297e-02,2.947442606091499329e-02
1.627044320106506348e+00,3.314894437789916992e-01,-5.271189212799072266e-01
1.682468533515930176e+00,1.707569956779479980e-01,3.367792367935180664e-01
1.151884198188781738e+00,3.942683339118957520e-01,-4.890371263027191162e-01
1.014963746070861816e+00,4.179164767265319824e-01,6.948615908622741699e-01
1.035709381103515625e+00,2.747687697410583496e-01,-6.216043829917907715e-01
1.982477545738220215e+00,1.147211790084838867e-01,-2.741085886955261230e-01
1.269516468048095703e+00,3.124884366989135742e-01,-5.261790752410888672e-01
9.861228466033935547e-01,4.674461483955383301e-01,-9.358140230178833008e-01
4.570477902889251709e-01,6.806245446205139160e-01,-1.561196684837341309e+00
2.262618780136108398e+00,-1.669967174530029297e-02,9.258805960416793823e-02
1.712607145309448242e+00,2.060996890068054199e-01,-3.577216267585754395e-01
1.852216720581054688e+00,1.658078432083129883e-01,1.420177370309829712e-01
7.781022191047668457e-01,5.171257257461547852e-01,-9.299973249435424805e-01
1.747786402702331543e+00,-7.211613655090332031e-02,-2.099628001451492310e-01
2.244824647903442383e+00,1.070909500122070312e-01,2.230687588453292847e-01
8.184286355972290039e-01,5.692737102508544922e-01,6.046595573425292969e-01
1.114418268203735352e+00,2.430760860443115234e-01,-7.002754211425781250e-01
5.003145337104797363e-01,6.777280569076538086e-01,-1.179424405097961426e+00
7.967193126678466797e-01,5.785806775093078613e-01,1.047522068023681641e+00
1.973295688629150391e+00,2.204655408859252930e-01,-2.755821943283081055e-01
2.267148494720458984e+00,-2.150452136993408203e-02,-1.825564950704574585e-01
2.448673248291015625e+00,-1.911995410919189453e-01,1.587256789207458496e-03
2.651318609714508057e-01,7.966523766517639160e-01,-2.484530687332153320e+00
1.605937004089355469e+00,-5.878424644470214844e-02,-3.335268199443817139e-01
8.725286722183227539e-01,5.927623510360717773e-01,-1.074296593666076660e+00
2.728328943252563477e+00,-2.037273645401000977e-01,2.948130667209625244e-02
6.781772375106811523e-01,6.005033254623413086e-01,-1.120143890380859375e+00
2.408556461334228516e+00,-4.796249866485595703e-01,5.497778579592704773e-02
1.013857960700988770e+00,3.763921856880187988e-01,-8.567813038825988770e-01
1.482372522354125977e+00,3.227825164794921875e-01,-6.156690120697021484e-01
1.020761728286743164e+00,4.570136070251464844e-01,-9.249523282051086426e-01
6.943559050559997559e-01,5.144091844558715820e-01,-1.265273690223693848e+00
2.039182186126708984e+00,-1.287763118743896484e-01,3.474806547164916992e-01
1.321726679801940918e+00,3.900326490402221680e-01,-6.535039544105529785e-01
4.999558627605438232e-01,6.765054464340209961e-01,1.202489256858825684e+00
2.149639129638671875e+00,9.975421428680419922e-02,-2.933229804039001465e-01
9.510160088539123535e-01,5.257680416107177734e-01,-8.918816447257995605e-01
1.315232515335083008e+00,1.299111843109130859e-01,-7.113037705421447754e-01
9.086465239524841309e-01,3.232163190841674805e-01,5.953204631805419922e-01
2.397068738937377930e+00,-1.376258134841918945e-01,-1.262491494417190552e-01
1.610014438629150391e+00,2.032009363174438477e-01,-3.434517979621887207e-01
1.026356458663940430e+00,5.661560297012329102e-01,-1.040009617805480957e+00
2.163963079452514648e+00,2.614623308181762695e-02,-4.162508621811866760e-02
2.426792383193969727e+00,-1.126142740249633789e-01,1.487389653921127319e-01
1.015087366104125977e+00,1.682159900665283203e-01,-7.177627682685852051e-01
6.876167654991149902e-01,6.560190916061401367e-01,-1.318895816802978516e+00
2.040414810180664062e+00,-8.171415328979492188e-02,-2.265240848064422607e-01
