loss: 0.0015959538025781513
accuracy: 0.9337999820709229
