loss: 0.05993231105804443
accuracy: 0.1898999959230423
