loss: 0.001420679298043251
accuracy: 0.9376000165939331
