loss: 0.001585958831384778
accuracy: 0.934499979019165
