loss: 0.006907003402709961
accuracy: 0.6887999773025513
