loss: 0.00041566130901701397
accuracy: 0.9882000088691711
