loss: 0.00153829992916435
accuracy: 0.9351000189781189
