loss: 0.0013942661178298294
accuracy: 0.9429000020027161
