loss: 0.0016664301148615777
accuracy: 0.9325000047683716
