loss: 0.0014883089718408882
accuracy: 0.9408000111579895
