loss: 0.001394764746632427
accuracy: 0.9416000247001648
