loss: 0.001485129946283996
accuracy: 0.9372000098228455
