loss: 0.0014856936700642109
accuracy: 0.9398000240325928
