loss: 0.0014036401819437741
accuracy: 0.9391000270843506
