loss: 0.0015605160651728511
accuracy: 0.9341999888420105
