loss: 0.0013009061543270946
accuracy: 0.9447000026702881
