loss: 0.0016025368395727127
accuracy: 0.9355000257492065
