loss: 0.0009850558604230172
accuracy: 0.9671000242233276
