loss: 0.001444654461182654
accuracy: 0.942300021648407
