loss: 0.001627415233850479
accuracy: 0.9362999796867371
