loss: 0.0015200754303485156
accuracy: 0.9401000142097473
