loss: 0.0015892562940716744
accuracy: 0.9344000220298767
