loss: 0.0015406740153208376
accuracy: 0.9386000037193298
