loss: 0.0013272425034083425
accuracy: 0.9434000253677368
