loss: 0.07490252180099487
accuracy: 0.10040000081062317
