loss: 0.0014247890532016754
accuracy: 0.9417999982833862
