loss: 0.0012901149087585508
accuracy: 0.9470999836921692
