loss: 0.001055762665416114
accuracy: 0.9639999866485596
