loss: 0.0016208214528858661
accuracy: 0.9355999827384949
