loss: 0.0015160266833379864
accuracy: 0.9394000172615051
