loss: 0.001530648982524872
accuracy: 0.9343000054359436
