loss: 0.001557276643253863
accuracy: 0.9369999766349792
