loss: 0.0014373115827329456
accuracy: 0.9391000270843506
