loss: 0.0015255173791199922
accuracy: 0.9345999956130981
