loss: 0.0013258091664873064
accuracy: 0.9419000148773193
