loss: 0.0014466472191736102
accuracy: 0.9402999877929688
