loss: 0.0015361928712576628
accuracy: 0.934499979019165
