loss: 0.0015563054287806154
accuracy: 0.9336000084877014
