loss: 0.018178379559516906
accuracy: 0.11349999904632568
