loss: 0.00040343965964857487
accuracy: 0.9842000007629395
