loss: 0.0015222775953821837
accuracy: 0.9359999895095825
