loss: 0.001295715353731066
accuracy: 0.9448999762535095
