loss: 0.0016403700463473796
accuracy: 0.930400013923645
