loss: 0.0014380833426490425
accuracy: 0.9384999871253967
