loss: 0.001336874109879136
accuracy: 0.9435999989509583
