loss: 0.0016368529932573438
accuracy: 0.9322999715805054
