loss: 0.0013863638181239367
accuracy: 0.9420999884605408
