loss: 0.0013975836947560311
accuracy: 0.9413999915122986
