loss: 0.0015303814698010682
accuracy: 0.9340000152587891
