loss: 0.0014708267166279256
accuracy: 0.9380999803543091
