loss: 0.0013875038485974074
accuracy: 0.9409999847412109
