loss: 0.0013918243922293185
accuracy: 0.9394000172615051
