loss: 0.0003646252266210922
accuracy: 0.9889000058174133
