loss: 0.001517163171246648
accuracy: 0.9369999766349792
