loss: 0.0014156464729458093
accuracy: 0.9413999915122986
