loss: 0.0015812213964760305
accuracy: 0.9355000257492065
