loss: 0.0014973937856033444
accuracy: 0.9391000270843506
