loss: 0.0016348230941221119
accuracy: 0.9315000176429749
