loss: 0.001532444984279573
accuracy: 0.9352999925613403
