loss: 0.0015154512401670218
accuracy: 0.9358000159263611
