loss: 0.0015209187095984818
accuracy: 0.9358999729156494
