loss: 0.001660917318612337
accuracy: 0.9336000084877014
