loss: 0.001353621393814683
accuracy: 0.9430000185966492
