loss: 0.0016927080917172135
accuracy: 0.9329000115394592
