loss: 0.0015783035585656762
accuracy: 0.9383999705314636
