loss: 0.0012326661319471896
accuracy: 0.9480999708175659
