loss: 0.0012887380660511554
accuracy: 0.9444000124931335
