loss: 0.0015894322633743286
accuracy: 0.9332000017166138
