loss: 0.001563206402119249
accuracy: 0.9351000189781189
