loss: 0.0017328633536584676
accuracy: 0.9280999898910522
