loss: 0.001583757693413645
accuracy: 0.935699999332428
