loss: 0.000365326312044499
accuracy: 0.9883000254631042
