loss: 0.0013984117271378636
accuracy: 0.9405999779701233
