loss: 0.006833318507671356
accuracy: 0.713100016117096
