loss: 0.0069436273872852325
accuracy: 0.7128000259399414
