loss: 0.001654375642351806
accuracy: 0.9312999844551086
