loss: 0.0015521240402013063
accuracy: 0.9337000250816345
