loss: 0.0016306307746097445
accuracy: 0.9330999851226807
