loss: 0.001323883575387299
accuracy: 0.9452000260353088
