loss: 0.0014179449247196316
accuracy: 0.9404000043869019
