loss: 0.0008033964838832616
accuracy: 0.9736999869346619
