loss: 0.0016580667896196246
accuracy: 0.9330999851226807
