loss: 0.00040100278212503327
accuracy: 0.9876000285148621
