loss: 0.0016950753243640065
accuracy: 0.930400013923645
