loss: 0.0014527061270549894
accuracy: 0.9404000043869019
