loss: 0.0016303922893479467
accuracy: 0.9333000183105469
