loss: 0.0015752342108637095
accuracy: 0.9348000288009644
