loss: 0.0014958877634257078
accuracy: 0.9391999840736389
