loss: 0.0015963910220190883
accuracy: 0.9336000084877014
