loss: 0.0015319958716630937
accuracy: 0.9362999796867371
