loss: 0.001593933263607323
accuracy: 0.9312000274658203
