loss: 0.001621232239343226
accuracy: 0.9337000250816345
