loss: 0.0013452780175954103
accuracy: 0.9430000185966492
