loss: 0.0013693172900937497
accuracy: 0.9433000087738037
