loss: 0.007506883424520492
accuracy: 0.6980000138282776
