loss: 0.001642449944652617
accuracy: 0.9301999807357788
