loss: 0.06824915919303894
accuracy: 0.11330000311136246
