loss: 0.0015845517175272106
accuracy: 0.9327999949455261
