loss: 0.0014479880344122648
accuracy: 0.940500020980835
