loss: 0.0014522117750719189
accuracy: 0.9391000270843506
