loss: 0.000862480292795226
accuracy: 0.9725000262260437
