loss: 0.0016152848519384862
accuracy: 0.9340000152587891
