loss: 0.0013886628857813776
accuracy: 0.9413999915122986
