loss: 0.001507193082291633
accuracy: 0.9388999938964844
