2.000000000000000000e+00,1.517117023468017578e-03,-2.381722908467054367e-03
2.000000000000000000e+00,6.662249565124511719e-03,7.376542314887046814e-03
2.000000000000000000e+00,-7.149934768676757812e-03,-5.312168505042791367e-03
2.000000000000000000e+00,5.163550376892089844e-03,-3.457795828580856323e-04
2.000000000000000000e+00,8.182823657989501953e-03,9.482620283961296082e-03
2.000000000000000000e+00,2.102375030517578125e-03,4.184472374618053436e-03
2.000000000000000000e+00,-9.739756584167480469e-03,-4.734390880912542343e-03
2.000000000000000000e+00,1.603186130523681641e-03,1.233640126883983612e-03
2.000000000000000000e+00,-6.982684135437011719e-03,-4.733078181743621826e-03
2.000000000000000000e+00,-1.270771026611328125e-04,-8.977248333394527435e-03
2.000000000000000000e+00,-1.312255859375000000e-03,4.622744396328926086e-03
2.000000000000000000e+00,-3.650307655334472656e-03,-9.118017740547657013e-03
2.000000000000000000e+00,2.708613872528076172e-03,-1.333365216851234436e-03
2.000000000000000000e+00,-8.222699165344238281e-03,6.519211456179618835e-03
2.000000000000000000e+00,4.800558090209960938e-03,-2.490503713488578796e-03
2.000000000000000000e+00,7.153928279876708984e-03,-8.589020930230617523e-03
2.000000000000000000e+00,-9.781002998352050781e-03,2.050484530627727509e-03
2.000000000000000000e+00,5.581736564636230469e-03,2.706434577703475952e-03
2.000000000000000000e+00,9.897112846374511719e-03,8.049765601754188538e-04
2.000000000000000000e+00,8.327305316925048828e-03,-7.496720179915428162e-03
2.000000000000000000e+00,4.912197589874267578e-03,-2.630930859595537186e-03
2.000000000000000000e+00,-4.297494888305664062e-04,3.938598558306694031e-03
2.000000000000000000e+00,-2.429246902465820312e-03,-6.989146582782268524e-03
2.000000000000000000e+00,6.713092327117919922e-03,6.223507225513458252e-04
2.000000000000000000e+00,8.452832698822021484e-03,5.853923037648200989e-03
2.000000000000000000e+00,-7.911562919616699219e-03,-7.228398229926824570e-03
2.000000000000000000e+00,6.325602531433105469e-03,-7.915506139397621155e-03
2.000000000000000000e+00,-5.561947822570800781e-03,1.772969961166381836e-03
2.000000000000000000e+00,4.385828971862792969e-03,9.818241000175476074e-03
2.000000000000000000e+00,-9.306669235229492188e-03,6.657151505351066589e-03
2.000000000000000000e+00,-5.303621292114257812e-04,-6.788240745663642883e-03
2.000000000000000000e+00,9.078204631805419922e-03,6.329558789730072021e-03
2.000000000000000000e+00,-5.553841590881347656e-03,5.520870909094810486e-04
2.000000000000000000e+00,4.268288612365722656e-04,1.344267278909683228e-03
2.000000000000000000e+00,-4.954695701599121094e-03,4.731412045657634735e-03
2.000000000000000000e+00,-9.894371032714843750e-03,-9.275442920625209808e-03
2.000000000000000000e+00,7.716476917266845703e-03,-6.757341325283050537e-03
2.000000000000000000e+00,-5.586504936218261719e-03,6.450923159718513489e-03
2.000000000000000000e+00,3.818511962890625000e-03,-1.125068403780460358e-03
2.000000000000000000e+00,-6.203413009643554688e-03,3.986223600804805756e-03
2.000000000000000000e+00,-5.827307701110839844e-03,5.799105390906333923e-03
2.000000000000000000e+00,2.302825450897216797e-03,4.364551976323127747e-03
2.000000000000000000e+00,-5.212783813476562500e-03,-7.127432618290185928e-03
2.000000000000000000e+00,2.003252506256103516e-03,-4.793164785951375961e-03
2.000000000000000000e+00,-7.128834724426269531e-03,2.879574894905090332e-04
2.000000000000000000e+00,7.328748703002929688e-03,-2.073489129543304443e-03
2.000000000000000000e+00,-6.215929985046386719e-03,7.342742756009101868e-04
2.000000000000000000e+00,4.792273044586181641e-03,-5.668648518621921539e-03
2.000000000000000000e+00,5.124866962432861328e-03,-1.317926682531833649e-03
2.000000000000000000e+00,3.921091556549072266e-03,-2.341187093406915665e-03
2.000000000000000000e+00,-5.001544952392578125e-03,1.165210269391536713e-03
2.000000000000000000e+00,7.058739662170410156e-03,8.405547589063644409e-03
2.000000000000000000e+00,-6.218671798706054688e-03,-1.438746228814125061e-03
2.000000000000000000e+00,1.734316349029541016e-03,-7.204806432127952576e-03
2.000000000000000000e+00,-8.219957351684570312e-03,6.441164761781692505e-03
2.000000000000000000e+00,-2.390980720520019531e-03,-6.358294282108545303e-03
2.000000000000000000e+00,-8.752584457397460938e-03,-3.385524731129407883e-03
2.000000000000000000e+00,-4.257559776306152344e-03,3.495692275464534760e-03
2.000000000000000000e+00,2.109348773956298828e-03,4.488222301006317139e-03
2.000000000000000000e+00,-4.799365997314453125e-03,-5.507295019924640656e-03
2.000000000000000000e+00,-7.937788963317871094e-03,5.417016334831714630e-03
2.000000000000000000e+00,2.116262912750244141e-03,-5.137892905622720718e-03
2.000000000000000000e+00,-9.828805923461914062e-03,-3.792042843997478485e-03
2.000000000000000000e+00,2.982974052429199219e-03,3.163247369229793549e-03
2.000000000000000000e+00,-8.117794990539550781e-03,3.434699960052967072e-03
2.000000000000000000e+00,-2.565383911132812500e-04,-6.258735433220863342e-03
2.000000000000000000e+00,-2.065896987915039062e-03,-2.675279974937438965e-04
2.000000000000000000e+00,2.947330474853515625e-03,-8.313093334436416626e-03
2.000000000000000000e+00,-4.538655281066894531e-03,3.905359655618667603e-03
2.000000000000000000e+00,7.015049457550048828e-03,-1.749886199831962585e-03
2.000000000000000000e+00,-5.478978157043457031e-03,6.660206243395805359e-03
2.000000000000000000e+00,8.755564689636230469e-03,5.251212976872920990e-03
2.000000000000000000e+00,-6.463289260864257812e-03,6.383592262864112854e-03
2.000000000000000000e+00,5.744397640228271484e-03,-3.491593524813652039e-03
2.000000000000000000e+00,4.788577556610107422e-03,4.778460599482059479e-03
2.000000000000000000e+00,6.827831268310546875e-03,-8.265363052487373352e-03
2.000000000000000000e+00,-5.902051925659179688e-04,2.655458636581897736e-03
2.000000000000000000e+00,6.558299064636230469e-03,-1.654670573770999908e-03
2.000000000000000000e+00,4.880666732788085938e-03,-5.195889156311750412e-03
2.000000000000000000e+00,4.571914672851562500e-03,4.242709837853908539e-03
2.000000000000000000e+00,-7.555484771728515625e-04,-7.551616057753562927e-03
2.000000000000000000e+00,6.738245487213134766e-03,-7.926417514681816101e-03
2.000000000000000000e+00,-4.526376724243164062e-03,9.591868147253990173e-04
2.000000000000000000e+00,3.323674201965332031e-03,9.356530383229255676e-03
2.000000000000000000e+00,7.747232913970947266e-03,4.146256484091281891e-03
2.000000000000000000e+00,3.317773342132568359e-03,7.411763072013854980e-03
2.000000000000000000e+00,-4.252314567565917969e-03,-9.847646579146385193e-03
2.000000000000000000e+00,2.016067504882812500e-03,-9.971861727535724640e-03
2.000000000000000000e+00,5.647540092468261719e-04,1.952834427356719971e-04
2.000000000000000000e+00,1.008212566375732422e-03,3.691025078296661377e-03
2.000000000000000000e+00,-4.055500030517578125e-04,3.171847201883792877e-03
2.000000000000000000e+00,-3.796696662902832031e-03,8.874990046024322510e-03
2.000000000000000000e+00,-5.603909492492675781e-03,1.545809209346771240e-03
2.000000000000000000e+00,-8.538722991943359375e-03,9.840128943324089050e-03
2.000000000000000000e+00,3.087043762207031250e-03,9.820763021707534790e-03
2.000000000000000000e+00,7.989227771759033203e-03,-6.892455741763114929e-03
2.000000000000000000e+00,-4.921555519104003906e-03,-9.227469563484191895e-04
2.000000000000000000e+00,8.301973342895507812e-03,5.322438664734363556e-03
2.000000000000000000e+00,-1.805424690246582031e-03,-7.810861803591251373e-03
2.000000000000000000e+00,-5.291819572448730469e-03,-4.596904385834932327e-03
2.000000000000000000e+00,1.302003860473632812e-03,-2.655068412423133850e-03
2.000000000000000000e+00,1.630246639251708984e-03,-9.303912520408630371e-03
2.000000000000000000e+00,8.733689785003662109e-03,-5.675464868545532227e-03
2.000000000000000000e+00,-1.226186752319335938e-03,-7.315647322684526443e-03
2.000000000000000000e+00,2.350211143493652344e-04,-9.797817096114158630e-03
2.000000000000000000e+00,-4.263162612915039062e-03,7.971119135618209839e-03
2.000000000000000000e+00,-4.618763923645019531e-03,5.621458403766155243e-03
2.000000000000000000e+00,7.514357566833496094e-04,7.222419604659080505e-03
2.000000000000000000e+00,1.980662345886230469e-03,8.923063054680824280e-03
2.000000000000000000e+00,1.864314079284667969e-03,6.122354418039321899e-03
2.000000000000000000e+00,4.968762397766113281e-03,-9.914355352520942688e-03
2.000000000000000000e+00,3.335058689117431641e-03,8.235996589064598083e-03
2.000000000000000000e+00,7.530272006988525391e-03,8.663026615977287292e-03
2.000000000000000000e+00,4.441916942596435547e-03,-7.241079583764076233e-03
2.000000000000000000e+00,9.770572185516357422e-03,-8.484789170324802399e-03
2.000000000000000000e+00,7.314324378967285156e-03,-3.509480971843004227e-03
2.000000000000000000e+00,-1.828312873840332031e-03,5.832049995660781860e-03
2.000000000000000000e+00,-6.434082984924316406e-03,-1.621607691049575806e-03
2.000000000000000000e+00,-2.987980842590332031e-03,-4.809371195733547211e-03
2.000000000000000000e+00,-9.880781173706054688e-03,8.156437426805496216e-03
2.000000000000000000e+00,1.458644866943359375e-03,1.298122107982635498e-03
2.000000000000000000e+00,-4.465341567993164062e-03,1.366718672215938568e-03
2.000000000000000000e+00,-6.880998611450195312e-03,1.778639853000640869e-05
2.000000000000000000e+00,8.151650428771972656e-03,-9.206853806972503662e-03
2.000000000000000000e+00,-1.762866973876953125e-03,1.212580129504203796e-03
2.000000000000000000e+00,9.141266345977783203e-03,-9.536037221550941467e-03
2.000000000000000000e+00,-9.219884872436523438e-03,-5.799249280244112015e-03
2.000000000000000000e+00,8.981108665466308594e-03,-3.234222065657377243e-03
2.000000000000000000e+00,-2.833962440490722656e-03,-6.696266122162342072e-03
2.000000000000000000e+00,8.583366870880126953e-03,7.601553574204444885e-03
2.000000000000000000e+00,-8.691549301147460938e-03,4.549073055386543274e-03
2.000000000000000000e+00,6.478488445281982422e-03,6.100060418248176575e-03
2.000000000000000000e+00,-1.975417137145996094e-03,-4.853596910834312439e-04
2.000000000000000000e+00,4.476904869079589844e-03,-7.173594087362289429e-03
2.000000000000000000e+00,-6.784200668334960938e-03,-6.881275214254856110e-03
2.000000000000000000e+00,-1.247167587280273438e-03,-4.170281812548637390e-03
2.000000000000000000e+00,-2.485513687133789062e-03,-9.227468632161617279e-03
2.000000000000000000e+00,3.945946693420410156e-03,-2.994410693645477295e-03
2.000000000000000000e+00,5.307734012603759766e-03,-6.237881258130073547e-03
2.000000000000000000e+00,2.746880054473876953e-03,8.613016456365585327e-03
2.000000000000000000e+00,-3.655433654785156250e-03,2.430143766105175018e-03
2.000000000000000000e+00,-3.230452537536621094e-03,-5.993500817567110062e-03
2.000000000000000000e+00,1.725792884826660156e-03,-8.129326626658439636e-03
2.000000000000000000e+00,-1.615285873413085938e-04,5.284668877720832825e-04
2.000000000000000000e+00,-9.177327156066894531e-03,2.206508070230484009e-03
2.000000000000000000e+00,7.289290428161621094e-03,4.926435649394989014e-03
2.000000000000000000e+00,-2.053856849670410156e-03,-2.665537409484386444e-03
2.000000000000000000e+00,-9.571313858032226562e-03,3.433078527450561523e-03
2.000000000000000000e+00,4.783511161804199219e-03,1.381181180477142334e-03
2.000000000000000000e+00,8.489608764648437500e-03,-4.408747889101505280e-03
2.000000000000000000e+00,7.706642150878906250e-03,-7.784045767039060593e-03
2.000000000000000000e+00,8.041739463806152344e-03,-1.023246906697750092e-03
2.000000000000000000e+00,5.194008350372314453e-03,4.181841388344764709e-03
2.000000000000000000e+00,2.601504325866699219e-03,-2.884828951209783554e-03
2.000000000000000000e+00,-1.963376998901367188e-04,-7.003019563853740692e-03
2.000000000000000000e+00,-6.245136260986328125e-03,-6.108900066465139389e-03
2.000000000000000000e+00,3.097712993621826172e-03,1.815258525311946869e-03
2.000000000000000000e+00,4.493951797485351562e-03,-1.936077140271663666e-03
2.000000000000000000e+00,9.578585624694824219e-03,-5.062894895672798157e-03
2.000000000000000000e+00,-9.975075721740722656e-03,-2.484960481524467468e-03
2.000000000000000000e+00,-5.900263786315917969e-03,-6.062724627554416656e-03
2.000000000000000000e+00,-2.536535263061523438e-03,4.599532112479209900e-04
2.000000000000000000e+00,-8.174777030944824219e-03,9.168753400444984436e-03
2.000000000000000000e+00,8.892178535461425781e-03,-2.285218331962823868e-03
2.000000000000000000e+00,9.185075759887695312e-04,6.244862452149391174e-04
2.000000000000000000e+00,-7.106900215148925781e-03,-4.484447184950113297e-03
2.000000000000000000e+00,-4.306435585021972656e-03,-2.642489504069089890e-03
2.000000000000000000e+00,-8.469939231872558594e-03,1.318698748946189880e-03
2.000000000000000000e+00,6.992816925048828125e-03,8.715372532606124878e-03
2.000000000000000000e+00,-4.000425338745117188e-03,-6.846738047897815704e-03
2.000000000000000000e+00,1.076519489288330078e-03,8.509796112775802612e-03
2.000000000000000000e+00,8.724331855773925781e-03,7.603814825415611267e-03
2.000000000000000000e+00,-6.945371627807617188e-03,9.283898398280143738e-03
2.000000000000000000e+00,-4.579901695251464844e-03,-7.921252399682998657e-03
2.000000000000000000e+00,-3.313302993774414062e-03,-1.960223540663719177e-03
2.000000000000000000e+00,6.491899490356445312e-03,-8.639995008707046509e-03
2.000000000000000000e+00,-6.998777389526367188e-03,-8.138170465826988220e-03
2.000000000000000000e+00,8.730292320251464844e-04,-8.743546903133392334e-03
2.000000000000000000e+00,-4.364013671875000000e-03,-1.717168837785720825e-03
2.000000000000000000e+00,1.953244209289550781e-03,9.894646704196929932e-03
2.000000000000000000e+00,-5.147099494934082031e-03,-1.396567560732364655e-03
2.000000000000000000e+00,4.284977912902832031e-04,7.652455940842628479e-03
2.000000000000000000e+00,-2.751946449279785156e-03,5.096833221614360809e-03
2.000000000000000000e+00,2.542674541473388672e-03,-2.991747576743364334e-03
2.000000000000000000e+00,1.780211925506591797e-03,4.227527417242527008e-03
2.000000000000000000e+00,1.348316669464111328e-03,-4.333145916461944580e-04
2.000000000000000000e+00,-1.044869422912597656e-03,-1.016551628708839417e-03
2.000000000000000000e+00,9.473323822021484375e-03,4.579898901283740997e-03
2.000000000000000000e+00,-8.359909057617187500e-03,9.820822626352310181e-03
2.000000000000000000e+00,-3.112673759460449219e-03,4.603671841323375702e-03
2.000000000000000000e+00,4.620790481567382812e-03,-3.394528757780790329e-03
2.000000000000000000e+00,-5.277514457702636719e-03,-7.000455632805824280e-03
2.000000000000000000e+00,-6.819963455200195312e-03,-1.400209963321685791e-03
2.000000000000000000e+00,-5.422592163085937500e-03,-1.782558858394622803e-03
2.000000000000000000e+00,-8.562922477722167969e-03,9.639889001846313477e-03
2.000000000000000000e+00,8.704304695129394531e-03,-2.320189494639635086e-03
2.000000000000000000e+00,2.009868621826171875e-03,-3.493195865303277969e-03
2.000000000000000000e+00,-1.403093338012695312e-03,6.855187937617301941e-03
2.000000000000000000e+00,-6.044983863830566406e-03,-8.173838257789611816e-03
2.000000000000000000e+00,-8.952617645263671875e-05,4.064154811203479767e-03
2.000000000000000000e+00,-1.197457313537597656e-03,-7.795936893671751022e-03
2.000000000000000000e+00,-9.416580200195312500e-03,-8.400250226259231567e-03
2.000000000000000000e+00,-9.758114814758300781e-03,-5.461821332573890686e-03
2.000000000000000000e+00,3.748834133148193359e-03,-5.823784973472356796e-03
2.000000000000000000e+00,-8.353948593139648438e-03,8.437277749180793762e-03
2.000000000000000000e+00,7.099747657775878906e-03,8.594067767262458801e-03
2.000000000000000000e+00,-5.006074905395507812e-03,2.858565188944339752e-03
2.000000000000000000e+00,-5.502343177795410156e-03,-9.028793312609195709e-03
2.000000000000000000e+00,-4.529953002929687500e-04,-8.103066124022006989e-03
2.000000000000000000e+00,5.331814289093017578e-03,1.796330325305461884e-03
2.000000000000000000e+00,5.211472511291503906e-03,-7.668943144381046295e-03
2.000000000000000000e+00,-5.750894546508789062e-03,-1.864374615252017975e-03
2.000000000000000000e+00,6.701231002807617188e-03,4.545877687633037567e-03
2.000000000000000000e+00,-4.034280776977539062e-03,5.715934559702873230e-03
2.000000000000000000e+00,-1.502394676208496094e-03,-5.987920798361301422e-03
2.000000000000000000e+00,4.028022289276123047e-03,-6.903775967657566071e-03
2.000000000000000000e+00,1.747071743011474609e-03,-7.086316123604774475e-03
2.000000000000000000e+00,3.805160522460937500e-03,8.749956265091896057e-03
2.000000000000000000e+00,-9.083867073059082031e-03,7.396245375275611877e-03
2.000000000000000000e+00,-9.141564369201660156e-03,-5.422669462859630585e-03
2.000000000000000000e+00,6.569802761077880859e-03,-3.557491116225719452e-03
2.000000000000000000e+00,9.518206119537353516e-03,-7.849466055631637573e-03
2.000000000000000000e+00,-2.296209335327148438e-03,-2.793693449348211288e-03
2.000000000000000000e+00,1.493871212005615234e-03,3.269300796091556549e-03
2.000000000000000000e+00,-7.581472396850585938e-03,1.438499428331851959e-03
2.000000000000000000e+00,6.289362907409667969e-03,2.573064528405666351e-03
2.000000000000000000e+00,-8.873581886291503906e-03,7.286597043275833130e-03
2.000000000000000000e+00,8.854925632476806641e-03,6.536375731229782104e-03
2.000000000000000000e+00,4.956007003784179688e-03,-5.412392318248748779e-03
2.000000000000000000e+00,8.832871913909912109e-03,4.643175750970840454e-03
2.000000000000000000e+00,-8.005023002624511719e-03,-5.482405424118041992e-03
2.000000000000000000e+00,-3.372430801391601562e-04,9.701531380414962769e-03
2.000000000000000000e+00,4.755914211273193359e-03,3.261345438659191132e-03
2.000000000000000000e+00,-3.983974456787109375e-03,9.159060195088386536e-03
2.000000000000000000e+00,-7.513642311096191406e-03,-8.715621195733547211e-03
2.000000000000000000e+00,9.672582149505615234e-03,-6.305504590272903442e-03
2.000000000000000000e+00,-2.741813659667968750e-04,9.335296228528022766e-03
2.000000000000000000e+00,4.292607307434082031e-03,-2.571830525994300842e-03
2.000000000000000000e+00,4.082322120666503906e-04,4.208019934594631195e-03
2.000000000000000000e+00,1.128852367401123047e-03,6.106803193688392639e-04
2.000000000000000000e+00,-6.842255592346191406e-03,1.088714227080345154e-03
2.000000000000000000e+00,-8.913159370422363281e-03,6.228938698768615723e-03
2.000000000000000000e+00,-6.241083145141601562e-03,8.232388645410537720e-03
2.000000000000000000e+00,-2.336382865905761719e-03,-7.521193940192461014e-03
2.000000000000000000e+00,-6.824493408203125000e-03,7.474817335605621338e-03
2.000000000000000000e+00,5.267500877380371094e-03,9.992048144340515137e-03
2.000000000000000000e+00,-9.522438049316406250e-03,7.800824940204620361e-03
2.000000000000000000e+00,-9.397268295288085938e-03,6.160240620374679565e-03
2.000000000000000000e+00,8.943200111389160156e-03,-1.799007877707481384e-03
2.000000000000000000e+00,3.299057483673095703e-03,-3.114254213869571686e-03
2.000000000000000000e+00,-5.001664161682128906e-03,-9.061736054718494415e-03
2.000000000000000000e+00,-2.760648727416992188e-03,1.706000417470932007e-03
2.000000000000000000e+00,-8.986473083496093750e-03,7.084583863615989685e-03
2.000000000000000000e+00,-8.409142494201660156e-03,7.324930280447006226e-03
2.000000000000000000e+00,2.715587615966796875e-03,9.559141471982002258e-03
2.000000000000000000e+00,6.609082221984863281e-03,-7.968997582793235779e-03
2.000000000000000000e+00,8.513092994689941406e-03,2.221560105681419373e-03
2.000000000000000000e+00,-4.056930541992187500e-03,-7.292276248335838318e-03
2.000000000000000000e+00,-4.705548286437988281e-03,4.137993790209293365e-03
2.000000000000000000e+00,8.079290390014648438e-03,-2.934072166681289673e-03
2.000000000000000000e+00,-4.700064659118652344e-03,3.917338326573371887e-03
2.000000000000000000e+00,-7.312417030334472656e-03,9.634068235754966736e-03
2.000000000000000000e+00,-3.186702728271484375e-03,-9.985050186514854431e-03
2.000000000000000000e+00,1.330375671386718750e-04,9.889915585517883301e-03
2.000000000000000000e+00,-8.924007415771484375e-04,-4.706857725977897644e-04
2.000000000000000000e+00,8.804559707641601562e-03,6.010930985212326050e-03
2.000000000000000000e+00,-5.430459976196289062e-03,-8.447241969406604767e-03
2.000000000000000000e+00,9.586989879608154297e-03,-5.452311132103204727e-03
2.000000000000000000e+00,4.485309123992919922e-03,-4.202750977128744125e-03
2.000000000000000000e+00,9.449243545532226562e-03,-9.830025024712085724e-03
2.000000000000000000e+00,6.808042526245117188e-04,5.380433984100818634e-03
2.000000000000000000e+00,-2.434611320495605469e-03,-3.749694675207138062e-03
2.000000000000000000e+00,-8.243322372436523438e-04,-1.756341196596622467e-03
2.000000000000000000e+00,9.785294532775878906e-03,-5.298070609569549561e-04
2.000000000000000000e+00,-8.158922195434570312e-03,-3.852952737361192703e-03
2.000000000000000000e+00,2.829849720001220703e-03,9.839572012424468994e-04
2.000000000000000000e+00,-8.627414703369140625e-03,-9.915949776768684387e-03
2.000000000000000000e+00,-9.953379631042480469e-03,-8.572567254304885864e-03
2.000000000000000000e+00,-8.553624153137207031e-03,-3.208489157259464264e-03
2.000000000000000000e+00,2.248942852020263672e-03,-6.045968271791934967e-03
2.000000000000000000e+00,-2.331256866455078125e-03,7.154460996389389038e-03
2.000000000000000000e+00,9.195089340209960938e-03,1.931264996528625488e-04
2.000000000000000000e+00,-3.356933593750000000e-03,9.140009060502052307e-03
2.000000000000000000e+00,7.442235946655273438e-03,-9.117991663515567780e-03
2.000000000000000000e+00,1.050412654876708984e-03,7.735565304756164551e-05
2.000000000000000000e+00,3.468334674835205078e-03,8.723214268684387207e-03
2.000000000000000000e+00,-7.287263870239257812e-04,-6.077345460653305054e-03
2.000000000000000000e+00,-1.280069351196289062e-03,1.970523968338966370e-03
2.000000000000000000e+00,6.340563297271728516e-03,-9.492205455899238586e-03
2.000000000000000000e+00,3.298342227935791016e-03,6.604548543691635132e-04
2.000000000000000000e+00,9.413182735443115234e-03,-6.223668809980154037e-03
2.000000000000000000e+00,3.936827182769775391e-03,2.593984827399253845e-03
2.000000000000000000e+00,6.066977977752685547e-03,1.882556825876235962e-04
2.000000000000000000e+00,8.557140827178955078e-03,5.364111624658107758e-03
2.000000000000000000e+00,-2.436161041259765625e-03,1.361335627734661102e-03
2.000000000000000000e+00,-4.480600357055664062e-03,-2.692413050681352615e-03
2.000000000000000000e+00,2.248704433441162109e-03,-7.450181990861892700e-03
2.000000000000000000e+00,-9.809136390686035156e-03,5.604662001132965088e-04
2.000000000000000000e+00,6.515443325042724609e-03,-3.457961138337850571e-03
2.000000000000000000e+00,-2.051472663879394531e-03,7.353873923420906067e-03
2.000000000000000000e+00,-3.901720046997070312e-03,-8.331972174346446991e-03
2.000000000000000000e+00,-2.188801765441894531e-03,8.394807577133178711e-03
2.000000000000000000e+00,-3.210425376892089844e-03,9.590746834874153137e-03
2.000000000000000000e+00,-6.489634513854980469e-03,-8.609680458903312683e-03
2.000000000000000000e+00,-8.243322372436523438e-03,4.667472094297409058e-04
2.000000000000000000e+00,-5.922079086303710938e-03,3.260830417275428772e-04
2.000000000000000000e+00,-3.999471664428710938e-04,-8.461056277155876160e-03
2.000000000000000000e+00,6.428360939025878906e-03,-7.063357625156641006e-03
2.000000000000000000e+00,7.670223712921142578e-03,1.640593633055686951e-03
2.000000000000000000e+00,1.083135604858398438e-03,4.602436907589435577e-03
2.000000000000000000e+00,7.252097129821777344e-04,7.643355056643486023e-04
2.000000000000000000e+00,3.130376338958740234e-03,2.150306478142738342e-03
2.000000000000000000e+00,5.655765533447265625e-03,6.038753315806388855e-03
2.000000000000000000e+00,6.752252578735351562e-03,2.505401149392127991e-03
2.000000000000000000e+00,-6.678104400634765625e-03,-9.581195190548896790e-03
2.000000000000000000e+00,1.468300819396972656e-03,6.010958924889564514e-03
2.000000000000000000e+00,9.365022182464599609e-03,7.968291640281677246e-03
2.000000000000000000e+00,-8.442163467407226562e-03,-3.991914913058280945e-03
2.000000000000000000e+00,5.605816841125488281e-04,8.142773061990737915e-03
2.000000000000000000e+00,3.152787685394287109e-03,-8.637310937047004700e-03
2.000000000000000000e+00,-1.669168472290039062e-03,-9.098351001739501953e-03
2.000000000000000000e+00,4.637241363525390625e-05,4.919811151921749115e-03
2.000000000000000000e+00,-9.892106056213378906e-03,-2.255592495203018188e-03
2.000000000000000000e+00,-5.257368087768554688e-03,-8.442211896181106567e-03
2.000000000000000000e+00,-5.994200706481933594e-03,-3.222391474992036819e-03
2.000000000000000000e+00,4.949748516082763672e-03,1.962848939001560211e-03
2.000000000000000000e+00,-7.761120796203613281e-03,6.485352292656898499e-03
2.000000000000000000e+00,5.304396152496337891e-03,-4.957057535648345947e-04
2.000000000000000000e+00,9.545624256134033203e-03,-4.168014507740736008e-03
2.000000000000000000e+00,7.656395435333251953e-03,-7.044228259474039078e-03
2.000000000000000000e+00,-7.849931716918945312e-03,5.424473434686660767e-03
2.000000000000000000e+00,7.392883300781250000e-03,4.321868531405925751e-03
2.000000000000000000e+00,1.150369644165039062e-03,7.151369005441665649e-03
2.000000000000000000e+00,4.132747650146484375e-03,2.890955656766891479e-04
2.000000000000000000e+00,-9.028553962707519531e-03,2.029845491051673889e-04
2.000000000000000000e+00,6.194114685058593750e-03,3.817257471382617950e-03
2.000000000000000000e+00,5.786478519439697266e-03,-4.265229683369398117e-03
2.000000000000000000e+00,9.653866291046142578e-03,7.517796009778976440e-03
2.000000000000000000e+00,-2.051949501037597656e-03,-2.622673287987709045e-03
2.000000000000000000e+00,2.993345260620117188e-04,7.354298606514930725e-03
2.000000000000000000e+00,3.870129585266113281e-04,-9.375803172588348389e-03
2.000000000000000000e+00,-9.179592132568359375e-03,-3.815176431089639664e-03
2.000000000000000000e+00,4.957914352416992188e-03,2.574866637587547302e-03
2.000000000000000000e+00,6.289958953857421875e-03,1.654800958931446075e-03
2.000000000000000000e+00,3.136754035949707031e-03,-7.692020852118730545e-03
2.000000000000000000e+00,1.362502574920654297e-03,6.832700222730636597e-03
2.000000000000000000e+00,8.491396903991699219e-03,1.444381661713123322e-03
2.000000000000000000e+00,-5.733132362365722656e-03,-3.612142521888017654e-03
2.000000000000000000e+00,-3.378391265869140625e-04,7.824327796697616577e-03
2.000000000000000000e+00,5.749464035034179688e-03,3.532746806740760803e-03
2.000000000000000000e+00,-3.818273544311523438e-04,9.034607559442520142e-03
2.000000000000000000e+00,-9.215354919433593750e-03,-2.495788503438234329e-03
2.000000000000000000e+00,3.819942474365234375e-03,-6.118991412222385406e-03
2.000000000000000000e+00,4.121303558349609375e-03,2.182719297707080841e-03
2.000000000000000000e+00,-7.812976837158203125e-04,-8.279355242848396301e-04
2.000000000000000000e+00,7.113218307495117188e-04,-7.409471087157726288e-03
2.000000000000000000e+00,-1.413583755493164062e-03,-7.306225132197141647e-03
2.000000000000000000e+00,3.315389156341552734e-03,4.786335863173007965e-03
2.000000000000000000e+00,-1.971125602722167969e-03,6.340472027659416199e-03
2.000000000000000000e+00,-9.398460388183593750e-03,5.977481603622436523e-03
2.000000000000000000e+00,-3.547430038452148438e-03,4.674382507801055908e-03
2.000000000000000000e+00,8.414387702941894531e-03,1.621479168534278870e-03
2.000000000000000000e+00,6.333768367767333984e-03,8.746042847633361816e-03
2.000000000000000000e+00,-6.371378898620605469e-03,2.475184388458728790e-03
2.000000000000000000e+00,-1.839399337768554688e-04,-9.169238619506359100e-03
2.000000000000000000e+00,9.043633937835693359e-03,-4.621326923370361328e-03
2.000000000000000000e+00,-3.116607666015625000e-03,7.956942543387413025e-03
2.000000000000000000e+00,-9.868621826171875000e-03,8.545508608222007751e-03
2.000000000000000000e+00,-1.635313034057617188e-03,-8.581317961215972900e-03
2.000000000000000000e+00,-1.332283020019531250e-03,3.718997351825237274e-03
2.000000000000000000e+00,9.103119373321533203e-03,-1.922204159200191498e-03
2.000000000000000000e+00,7.184505462646484375e-03,-7.095565553754568100e-03
2.000000000000000000e+00,4.140198230743408203e-03,-7.984006777405738831e-03
2.000000000000000000e+00,6.438612937927246094e-03,-9.936031885445117950e-03
2.000000000000000000e+00,-5.706310272216796875e-03,9.651703760027885437e-03
2.000000000000000000e+00,6.717801094055175781e-03,3.597980365157127380e-03
2.000000000000000000e+00,1.877367496490478516e-03,-1.342445611953735352e-03
2.000000000000000000e+00,1.322329044342041016e-03,8.061191067099571228e-03
2.000000000000000000e+00,-1.438379287719726562e-03,-2.258024178445339203e-03
2.000000000000000000e+00,-3.472685813903808594e-03,-4.647872410714626312e-03
2.000000000000000000e+00,2.905726432800292969e-03,6.094578653573989868e-03
2.000000000000000000e+00,-9.999155998229980469e-03,-9.102271869778633118e-03
2.000000000000000000e+00,7.942259311676025391e-03,6.592705845832824707e-03
2.000000000000000000e+00,-9.927153587341308594e-03,3.480230458080768585e-03
2.000000000000000000e+00,8.875727653503417969e-03,3.744095563888549805e-03
2.000000000000000000e+00,-5.860090255737304688e-03,-2.642329782247543335e-04
2.000000000000000000e+00,-1.073002815246582031e-03,-4.906669724732637405e-03
2.000000000000000000e+00,-5.121231079101562500e-04,-6.036404520273208618e-04
2.000000000000000000e+00,-6.863594055175781250e-03,-1.747609116137027740e-03
2.000000000000000000e+00,3.172099590301513672e-03,-6.484785117208957672e-03
2.000000000000000000e+00,7.548749446868896484e-03,-6.453764624893665314e-03
2.000000000000000000e+00,1.426339149475097656e-03,2.372498624026775360e-03
2.000000000000000000e+00,-1.167058944702148438e-04,1.932684332132339478e-03
2.000000000000000000e+00,8.543074131011962891e-03,8.831350132822990417e-03
2.000000000000000000e+00,-7.190823554992675781e-03,-1.581983640789985657e-03
2.000000000000000000e+00,-9.515166282653808594e-03,-5.962851922959089279e-03
2.000000000000000000e+00,3.879487514495849609e-03,9.785531088709831238e-03
2.000000000000000000e+00,4.180073738098144531e-03,-9.465047158300876617e-03
2.000000000000000000e+00,8.023202419281005859e-03,4.181648604571819305e-03
2.000000000000000000e+00,5.882263183593750000e-03,1.065617427229881287e-03
2.000000000000000000e+00,5.728125572204589844e-03,9.501976892352104187e-03
2.000000000000000000e+00,1.907765865325927734e-03,3.708636388182640076e-03
2.000000000000000000e+00,4.259943962097167969e-03,-9.749507531523704529e-03
2.000000000000000000e+00,-8.187770843505859375e-03,3.645259886980056763e-03
2.000000000000000000e+00,-1.848816871643066406e-03,3.835278563201427460e-03
2.000000000000000000e+00,-9.483098983764648438e-03,2.896635793149471283e-03
2.000000000000000000e+00,3.833651542663574219e-03,1.171967014670372009e-03
2.000000000000000000e+00,1.112163066864013672e-03,9.161533787846565247e-03
2.000000000000000000e+00,-2.467036247253417969e-03,6.321445107460021973e-04
2.000000000000000000e+00,4.473149776458740234e-03,5.807701498270034790e-03
2.000000000000000000e+00,-5.712032318115234375e-03,-3.362395800650119781e-03
2.000000000000000000e+00,5.594968795776367188e-03,1.933948136866092682e-03
2.000000000000000000e+00,-1.268744468688964844e-03,1.409118995070457458e-03
2.000000000000000000e+00,-9.933233261108398438e-03,-4.412075504660606384e-04
2.000000000000000000e+00,-6.410717964172363281e-03,1.410974189639091492e-03
2.000000000000000000e+00,7.424712181091308594e-03,1.216645352542400360e-03
2.000000000000000000e+00,-3.580331802368164062e-03,6.769200786948204041e-03
2.000000000000000000e+00,-1.476764678955078125e-03,-1.922922208905220032e-03
2.000000000000000000e+00,-8.987307548522949219e-03,3.359510563313961029e-03
2.000000000000000000e+00,3.412008285522460938e-03,6.914040073752403259e-03
2.000000000000000000e+00,-7.911920547485351562e-03,6.864612922072410583e-03
2.000000000000000000e+00,2.659857273101806641e-03,-7.641009055078029633e-03
2.000000000000000000e+00,-8.374571800231933594e-03,-2.942630089819431305e-03
2.000000000000000000e+00,9.048819541931152344e-03,6.401086226105690002e-03
2.000000000000000000e+00,-7.770061492919921875e-03,-4.064779262989759445e-03
2.000000000000000000e+00,6.643354892730712891e-03,2.981022931635379791e-03
2.000000000000000000e+00,-7.503509521484375000e-03,-7.272166199982166290e-03
2.000000000000000000e+00,-6.837010383605957031e-03,2.928325906395912170e-03
2.000000000000000000e+00,8.119165897369384766e-03,-3.433595877140760422e-03
2.000000000000000000e+00,-4.798412322998046875e-03,-6.892344914376735687e-03
2.000000000000000000e+00,-3.538608551025390625e-03,-4.823889583349227905e-03
2.000000000000000000e+00,1.043200492858886719e-03,-7.974927313625812531e-03
2.000000000000000000e+00,9.070575237274169922e-03,1.566048711538314819e-03
2.000000000000000000e+00,5.196928977966308594e-04,-3.882168326526880264e-03
2.000000000000000000e+00,7.309317588806152344e-04,4.620471037924289703e-03
2.000000000000000000e+00,7.376074790954589844e-04,1.634562388062477112e-03
2.000000000000000000e+00,-1.631379127502441406e-03,5.438589490950107574e-03
2.000000000000000000e+00,6.357789039611816406e-03,2.169261686503887177e-03
2.000000000000000000e+00,-6.103634834289550781e-03,-9.921959601342678070e-03
2.000000000000000000e+00,-7.462501525878906250e-05,2.321776933968067169e-03
2.000000000000000000e+00,-9.960293769836425781e-03,-1.598948612809181213e-03
2.000000000000000000e+00,-3.268837928771972656e-03,-4.564321134239435196e-03
2.000000000000000000e+00,-3.159880638122558594e-03,9.020576253533363342e-04
2.000000000000000000e+00,1.398980617523193359e-03,4.713420756161212921e-03
2.000000000000000000e+00,-1.336336135864257812e-04,-7.264376617968082428e-03
2.000000000000000000e+00,3.586232662200927734e-03,-6.368977949023246765e-03
2.000000000000000000e+00,-7.520556449890136719e-03,-6.248792633414268494e-04
2.000000000000000000e+00,-4.959464073181152344e-03,9.969726204872131348e-03
2.000000000000000000e+00,1.034379005432128906e-03,-2.771405968815088272e-03
2.000000000000000000e+00,4.658699035644531250e-04,6.847133859992027283e-03
2.000000000000000000e+00,8.025109767913818359e-03,5.486258305609226227e-03
2.000000000000000000e+00,-1.119852066040039062e-03,4.236103035509586334e-03
2.000000000000000000e+00,6.356477737426757812e-03,7.093364372849464417e-03
2.000000000000000000e+00,-4.678964614868164062e-03,-9.426037780940532684e-03
2.000000000000000000e+00,3.614425659179687500e-03,9.758135303854942322e-03
2.000000000000000000e+00,-8.968591690063476562e-03,-4.584825132042169571e-03
2.000000000000000000e+00,5.457758903503417969e-03,-9.077268652617931366e-03
2.000000000000000000e+00,3.553092479705810547e-03,8.691815659403800964e-03
2.000000000000000000e+00,9.687185287475585938e-03,-5.197832360863685608e-04
2.000000000000000000e+00,3.338336944580078125e-03,5.001468583941459656e-03
2.000000000000000000e+00,7.992267608642578125e-03,-8.646637201309204102e-03
2.000000000000000000e+00,5.904197692871093750e-03,-4.683481529355049133e-04
2.000000000000000000e+00,-8.540630340576171875e-03,-9.132308885455131531e-03
2.000000000000000000e+00,-6.179213523864746094e-03,-8.612955920398235321e-03
2.000000000000000000e+00,1.663088798522949219e-03,-5.946860183030366898e-03
2.000000000000000000e+00,2.820253372192382812e-03,4.776064306497573853e-03
2.000000000000000000e+00,6.696164608001708984e-03,4.787262529134750366e-03
2.000000000000000000e+00,1.719355583190917969e-03,4.240379668772220612e-03
2.000000000000000000e+00,4.514038562774658203e-03,-8.314895443618297577e-03
2.000000000000000000e+00,8.806526660919189453e-03,-4.083084873855113983e-03
2.000000000000000000e+00,-5.245089530944824219e-03,1.098457723855972290e-03
2.000000000000000000e+00,-4.822850227355957031e-03,-9.916282258927822113e-03
2.000000000000000000e+00,1.037716865539550781e-03,-7.964085787534713745e-03
2.000000000000000000e+00,-4.298686981201171875e-03,-6.331823766231536865e-03
2.000000000000000000e+00,1.940310001373291016e-03,7.474113255739212036e-03
2.000000000000000000e+00,1.305341720581054688e-04,4.163936711847782135e-03
2.000000000000000000e+00,-9.440898895263671875e-03,6.276078522205352783e-03
2.000000000000000000e+00,-2.916336059570312500e-03,-1.637917943298816681e-03
2.000000000000000000e+00,-8.186936378479003906e-03,9.408846497535705566e-03
2.000000000000000000e+00,-2.021312713623046875e-03,1.318356953561306000e-03
2.000000000000000000e+00,5.706608295440673828e-03,8.990230038762092590e-03
2.000000000000000000e+00,6.165146827697753906e-03,3.590460866689682007e-03
2.000000000000000000e+00,2.464056015014648438e-03,-7.529195398092269897e-03
2.000000000000000000e+00,7.343113422393798828e-03,4.617325961589813232e-03
2.000000000000000000e+00,-6.321668624877929688e-03,-1.654515974223613739e-03
2.000000000000000000e+00,4.273653030395507812e-03,-4.840526264160871506e-03
2.000000000000000000e+00,3.878295421600341797e-03,1.307467930018901825e-03
2.000000000000000000e+00,-2.957344055175781250e-03,-7.655750960111618042e-05
2.000000000000000000e+00,7.090032100677490234e-03,-9.154481813311576843e-04
2.000000000000000000e+00,-3.243207931518554688e-03,3.108122386038303375e-03
2.000000000000000000e+00,7.244646549224853516e-03,8.576722815632820129e-03
2.000000000000000000e+00,-5.038380622863769531e-03,-4.836939275264739990e-03
2.000000000000000000e+00,1.318633556365966797e-03,-7.847590371966362000e-03
2.000000000000000000e+00,-6.641149520874023438e-03,-4.448326770216226578e-03
2.000000000000000000e+00,-7.412910461425781250e-03,9.983396157622337341e-04
2.000000000000000000e+00,1.445591449737548828e-03,5.613366141915321350e-03
2.000000000000000000e+00,-2.747416496276855469e-03,-9.597699157893657684e-03
2.000000000000000000e+00,6.315946578979492188e-03,-7.157951593399047852e-03
2.000000000000000000e+00,-9.953379631042480469e-03,1.470502465963363647e-04
2.000000000000000000e+00,-9.515762329101562500e-03,-1.679157838225364685e-03
2.000000000000000000e+00,7.706880569458007812e-04,6.811942905187606812e-03
2.000000000000000000e+00,7.189750671386718750e-03,2.263089641928672791e-03
2.000000000000000000e+00,2.743542194366455078e-03,9.539697319269180298e-03
2.000000000000000000e+00,1.980662345886230469e-04,1.476097851991653442e-03
2.000000000000000000e+00,-8.137464523315429688e-03,-1.684141345322132111e-03
2.000000000000000000e+00,-3.820538520812988281e-03,-8.585584349930286407e-03
2.000000000000000000e+00,-9.937286376953125000e-04,8.456526324152946472e-03
2.000000000000000000e+00,5.834221839904785156e-03,5.558670498430728912e-03
2.000000000000000000e+00,-1.893401145935058594e-03,-1.449966803193092346e-03
2.000000000000000000e+00,-7.879972457885742188e-03,5.267476662993431091e-03
2.000000000000000000e+00,-2.611756324768066406e-03,-1.077123917639255524e-03
2.000000000000000000e+00,-1.854062080383300781e-03,-7.159262895584106445e-03
