loss: 0.072623410654068
accuracy: 0.10750000178813934
