loss: 0.0015550082072615624
accuracy: 0.9362999796867371
