loss: 0.0015144745824858547
accuracy: 0.9370999932289124
