loss: 0.0013494379645679147
accuracy: 0.9467999935150146
