loss: 0.0008410066989483312
accuracy: 0.9726999998092651
