loss: 0.0015254042169079184
accuracy: 0.9344000220298767
