loss: 0.0015034729421138763
accuracy: 0.9366000294685364
