loss: 0.001252985105663538
accuracy: 0.9478999972343445
