loss: 0.0017322600612416864
accuracy: 0.9308000206947327
