loss: 0.0014112477582879364
accuracy: 0.9402999877929688
