loss: 0.0004356399608053948
accuracy: 0.9901000261306763
