loss: 0.0012766158672049641
accuracy: 0.9453999996185303
