loss: 0.0014401445701718331
accuracy: 0.9398000240325928
