loss: 0.0013439850063994526
accuracy: 0.9437999725341797
