loss: 0.0012567129432223738
accuracy: 0.9483000040054321
