loss: 0.001344056947249919
accuracy: 0.9463000297546387
