loss: 0.0014045708558522165
accuracy: 0.942799985408783
