loss: 0.005029212161898613
accuracy: 0.7867000102996826
