loss: 0.0036577905878424645
accuracy: 0.8567000031471252
