loss: 0.00274541947171092
accuracy: 0.8845000267028809
