loss: 0.0028314108341932296
accuracy: 0.8817999958992004
