loss: 0.0037231222838163378
accuracy: 0.8421000242233276
