loss: 0.018266008043289185
accuracy: 0.09799999743700027
