loss: 0.003654476821422577
accuracy: 0.8431000113487244
