loss: 0.003550912745296955
accuracy: 0.863099992275238
