loss: 0.032384778904914854
accuracy: 0.1062999963760376
