loss: 0.02337838065624237
accuracy: 0.13850000500679016
