loss: 0.010104542881250381
accuracy: 0.5974000096321106
