loss: 0.018344735813140868
accuracy: 0.11349999904632568
