loss: 0.001803202780087789
accuracy: 0.01119999960064888
