loss: 0.013353623509407043
accuracy: 0.5260999798774719
