loss: 0.015190480041503905
accuracy: 0.5296000242233276
