loss: 0.012566756129264832
accuracy: 0.4122999906539917
