loss: 0.00019808373376727103
accuracy: 0.09234999865293503
