loss: 0.018238657450675964
accuracy: 0.10279999673366547
