loss: 0.018236634612083434
accuracy: 0.10279999673366547
