loss: 0.021750360012054444
accuracy: 0.2345999926328659
