loss: 0.005253481744229793
accuracy: 0.8285999894142151
