loss: 0.01828017246723175
accuracy: 0.0982000008225441
