loss: 0.021794588088989257
accuracy: 0.19200000166893005
