loss: 0.006041114011406898
accuracy: 0.7386000156402588
