loss: 0.003559208482503891
accuracy: 0.8471999764442444
