loss: 0.01821104612350464
accuracy: 0.10279999673366547
