loss: 0.018398235774040223
accuracy: 0.09799999743700027
