loss: 0.018253040742874146
accuracy: 0.09799999743700027
