loss: 0.008490341565012932
accuracy: 0.7253000140190125
