loss: 0.01838306210041046
accuracy: 0.0982000008225441
