loss: 0.018370698761940002
accuracy: 0.12430000305175781
