loss: 0.02409843611717224
accuracy: 0.25429999828338623
