loss: 0.0036054794470469155
accuracy: 0.023983333259820938
