loss: 0.0030774906714757283
accuracy: 0.050716668367385864
