loss: 0.018227338004112244
accuracy: 0.10100000351667404
