loss: 0.001796082686384519
accuracy: 0.12543334066867828
