loss: 0.0007430706807062961
accuracy: 0.9764000177383423
