loss: 0.0036056907335917155
accuracy: 0.022166667506098747
