loss: 0.004178207039833069
accuracy: 0.8156999945640564
