loss: 0.02044774227142334
accuracy: 0.19280000030994415
