loss: 0.014378358900547028
accuracy: 0.3946000039577484
