loss: 0.0036057802279790244
accuracy: 0.022483333945274353
