loss: 0.01820824599266052
accuracy: 0.11349999904632568
