loss: 0.0036046873847643533
accuracy: 0.02278333343565464
