loss: 0.020306997096538545
accuracy: 0.546500027179718
