loss: 0.0029125483557581903
accuracy: 0.8747000098228455
