loss: 0.0008796182938967832
accuracy: 0.9732999801635742
