loss: 0.01821665885448456
accuracy: 0.10279999673366547
