loss: 0.0006917753905057907
accuracy: 0.17171666026115417
