loss: 0.014923224794864654
accuracy: 0.4526999890804291
