loss: 0.00749170723259449
accuracy: 0.6955000162124634
