loss: 0.01847687554359436
accuracy: 0.09799999743700027
