loss: 0.00010360668564486938
accuracy: 0.19689999520778656
