loss: 0.018202282094955443
accuracy: 0.11349999904632568
