loss: 0.0007249418780207634
accuracy: 0.1736166626214981
