loss: 0.00038349447188278037
accuracy: 0.18498332798480988
