loss: 0.018211779379844667
accuracy: 0.09799999743700027
