loss: 0.018265256905555725
accuracy: 0.06459999829530716
