loss: 0.030138946771621704
accuracy: 0.149399995803833
