loss: 0.00029640962481498716
accuracy: 0.18825000524520874
