loss: 0.025574130749702453
accuracy: 0.093299999833107
