loss: 0.02120437982082367
accuracy: 0.11429999768733978
