loss: 0.03980673232078552
accuracy: 0.1671999990940094
