loss: 0.000955517719189326
accuracy: 0.06051666662096977
