loss: 0.0031173493176698684
accuracy: 0.8700000047683716
