loss: 0.018203036069869994
accuracy: 0.10279999673366547
