loss: 0.01836363546848297
accuracy: 0.09799999743700027
