loss: 0.02512690963745117
accuracy: 0.14339999854564667
