loss: 0.018178713536262513
accuracy: 0.11349999904632568
