loss: 0.0008540346130728721
accuracy: 0.16543333232402802
