loss: 0.009668068778514862
accuracy: 0.6783999800682068
