loss: 0.0013181879560152689
accuracy: 0.14030000567436218
