loss: 0.0006716344157854716
accuracy: 0.0688166692852974
