loss: 0.003606295617421468
accuracy: 0.021800000220537186
