loss: 0.002536371127516031
accuracy: 0.8999999761581421
