loss: 0.018178713631629945
accuracy: 0.11349999904632568
