loss: 0.018240006136894225
accuracy: 0.11349999904632568
