loss: 0.012169161123037339
accuracy: 0.5480999946594238
