loss: 0.01819536759853363
accuracy: 0.11349999904632568
