loss: 0.004924089875817299
accuracy: 0.8422999978065491
