loss: 0.006738897627592087
accuracy: 0.7419999837875366
