loss: 0.0008422626564900081
accuracy: 0.1657000035047531
