loss: 0.020952192997932433
accuracy: 0.5116000175476074
