loss: 0.018241226196289064
accuracy: 0.11349999904632568
