loss: 0.051843689012527464
accuracy: 0.13899999856948853
