loss: 0.016785378217697145
accuracy: 0.2806999981403351
