loss: 0.0013346349199612935
accuracy: 0.14055000245571136
