loss: 0.003566821038722992
accuracy: 0.8615000247955322
