loss: 0.0036055360515912373
accuracy: 0.02201666682958603
