loss: 0.019685138940811156
accuracy: 0.2434999942779541
