loss: 0.00017534541341786584
accuracy: 0.19433332979679108
