loss: 0.030711904120445253
accuracy: 0.23569999635219574
