loss: 0.0029610717609524725
accuracy: 0.8773999810218811
