loss: 0.031596953201293944
accuracy: 0.1777999997138977
