loss: 0.00011459303737307589
accuracy: 0.19601666927337646
