loss: 0.003307123014330864
accuracy: 0.8590999841690063
