loss: 0.011726247298717499
accuracy: 0.646399974822998
