loss: 0.018587655687332155
accuracy: 0.0982000008225441
