loss: 0.01820719656944275
accuracy: 0.10100000351667404
