loss: 0.0032062345743179323
accuracy: 0.8675000071525574
