loss: 0.015601541984081268
accuracy: 0.2955000102519989
