loss: 7.870355033664965e-05
accuracy: 0.1971166729927063
