loss: 0.0004231553475062052
accuracy: 0.18343333899974823
