loss: 7.732426118066845e-05
accuracy: 0.19740000367164612
