loss: 0.03540739464759827
accuracy: 0.2395000010728836
