loss: 0.023863140511512757
accuracy: 0.09790000319480896
