loss: 0.018213167548179626
accuracy: 0.10279999673366547
