loss: 0.02334382803440094
accuracy: 0.15610000491142273
