loss: 6.795828100293875e-05
accuracy: 0.09761666506528854
