loss: 0.00014240556013149519
accuracy: 0.19529999792575836
