loss: 0.02247200244665146
accuracy: 0.28290000557899475
