loss: 0.018197790813446045
accuracy: 0.11349999904632568
