loss: 0.0002564470681051413
accuracy: 0.18988333642482758
