loss: 0.01916943666934967
accuracy: 0.09799999743700027
