loss: 0.00015129689335202176
accuracy: 0.19449999928474426
