loss: 0.0029200206086039543
accuracy: 0.8998000025749207
