loss: 0.01829193546772003
accuracy: 0.0982000008225441
