loss: 0.012009956121444702
accuracy: 0.5799000263214111
