loss: 0.018178717470169067
accuracy: 0.11349999904632568
