loss: 0.00032622898829480013
accuracy: 0.1868666708469391
