loss: 0.010862723195552825
accuracy: 0.5530999898910522
