loss: 0.022982827353477477
accuracy: 0.195700004696846
