loss: 0.008937983053922653
accuracy: 0.626800000667572
