loss: 0.0008184295902649561
accuracy: 0.16633333265781403
