loss: 0.018178472805023195
accuracy: 0.11349999904632568
