loss: 0.03126725471019745
accuracy: 0.17949999868869781
