loss: 0.018263683915138246
accuracy: 0.10279999673366547
