loss: 0.018294475102424622
accuracy: 0.08919999748468399
