loss: 0.0003031560299297174
accuracy: 0.187866672873497
