loss: 8.887670598730134e-05
accuracy: 0.1973000019788742
