loss: 0.00034820779152214525
accuracy: 0.18583333492279053
