loss: 0.029743059301376343
accuracy: 0.12620000541210175
