loss: 0.004503093963861465
accuracy: 0.8095999956130981
