loss: 0.018372161722183228
accuracy: 0.09799999743700027
