loss: 0.0007531716326872508
accuracy: 0.16786666214466095
