loss: 0.0017327051192522049
accuracy: 0.13003332912921906
