loss: 0.018410498666763305
accuracy: 0.11349999904632568
