loss: 0.018178713607788086
accuracy: 0.11349999904632568
