loss: 0.011409677231311798
accuracy: 0.5138999819755554
