loss: 0.01717619787454605
accuracy: 0.48330000042915344
