loss: 0.0007634201089541117
accuracy: 0.1692499965429306
