loss: 0.019445790839195252
accuracy: 0.09799999743700027
