loss: 0.0035247417867183685
accuracy: 0.8507999777793884
