loss: 0.0013804963190108537
accuracy: 0.942799985408783
