loss: 0.020753687357902527
accuracy: 0.249099999666214
