loss: 0.00033154249240954716
accuracy: 0.18674999475479126
