loss: 8.202536524816727e-05
accuracy: 0.19724999368190765
