loss: 0.002834571276605129
accuracy: 0.8794999718666077
