loss: 0.003080915562808514
accuracy: 0.8730999827384949
