loss: 0.019251588416099547
accuracy: 0.09799999743700027
