loss: 0.019659725379943847
accuracy: 0.2101999968290329
