loss: 0.0033374147430062294
accuracy: 0.8603000044822693
