loss: 0.003964093643426895
accuracy: 0.8378999829292297
