loss: 0.011329909211397171
accuracy: 0.5857999920845032
