loss: 0.025339444184303284
accuracy: 0.24580000340938568
