loss: 0.02660234999656677
accuracy: 0.38920000195503235
