loss: 0.018231812047958373
accuracy: 0.10279999673366547
