loss: 0.008839617317914963
accuracy: 0.6376000046730042
