loss: 0.002416751919686794
accuracy: 0.9024999737739563
