loss: 0.0019549489935239157
accuracy: 0.11786666512489319
