loss: 0.04976998996734619
accuracy: 0.15399999916553497
