loss: 0.0007084826827049255
accuracy: 0.17328333854675293
