loss: 0.003076892206072807
accuracy: 0.8697999715805054
